# Uniform velocity. Distance 50.0 l.y.
# Acts like a wormhole
# speed, travel-time (years), coord-time (years)
0.1 497.49371855331 500.0
0.2 244.9489742783178 250.0
0.3 158.9898669028243 166.66666666666669
0.4 114.56439237389601 125.0
0.5 86.60254037844388 100.0
0.6 66.66666666666667 83.33333333333334
0.7 51.010203061020356 71.42857142857143
0.8 37.5 62.5
0.9 24.21610524189263 55.55555555555556
0.95 16.434205258943155 52.631578947368425
0.96 14.583333333333334 52.083333333333336
0.97 12.53118121767342 51.54639175257732
0.98 10.152933031700204 51.02040816326531
0.99 7.124614131144386 50.505050505050505
0.999 2.237746637248064 50.050050050050054
0.9999 0.7071598192779692 50.00500050005
0.9999999895816072 0.007217476346623648 50.00000052091965
