β                               distance            
--------------------------------------------------
0.1  1.0  9.9498743710662
0.2  1.0  4.898979485566356
0.3  1.0  3.179797338056486
0.4  1.0  2.2912878474779204
0.5  1.0  1.732050807568877
0.6  1.0  1.3333333333333335
0.7  1.0  1.020204061220407
0.8  1.0  0.7499999999999999
0.9  1.0  0.48432210483785254
0.95  1.0  0.32868410517886315
0.96  1.0  0.2916666666666667
0.97  1.0  0.25062362435346847
0.98  1.0  0.2030586606340043
0.99  1.0  0.14249228262288782
0.999  1.0  0.04475493274496098
0.9999  1.0  0.014143196385556828
0.9999999895816072  1.0  1.443495270286707E-4
