β distance   τmax            tmax
---------------------------------
0.1  1.0  19.8997487421324  20.0
0.2  1.0  9.797958971132712  10.0
0.3  1.0  6.359594676112972  6.666666666666667
0.4  1.0  4.582575694955841  5.0
0.5  1.0  3.464101615137754  4.0
0.6  1.0  2.666666666666667  3.333333333333334
0.7  1.0  2.040408122440814  2.857142857142857
0.8  1.0  1.4999999999999998  2.5
0.9  1.0  0.9686442096757051  2.2222222222222223
0.95  1.0  0.6573682103577263  2.1052631578947367
0.96  1.0  0.5833333333333334  2.0833333333333335
0.97  1.0  0.5012472487069369  2.061855670103093
0.98  1.0  0.4061173212680086  2.0408163265306123
0.99  1.0  0.28498456524577565  2.0202020202020203
0.999  1.0  0.08950986548992196  2.002002002002002
0.9999  1.0  0.028286392771113656  2.000200020002
0.9999999895816072  1.0  2.886990540573414E-4  2.0000000208367856
