Find the boost-plus-rotation that equates to 2 perpendicular boosts.

Event:[10.0, 1.0, 1.0, 1.0]
Corner-boost transform: boost [0.97,0.0,0.0] boost [0.0,0.95,0.0]
 Event after corner-boost: [115.91503, -35.78702, -109.80703, 1.0]

Boost+rotation transform: boost [0.97,0.23095,0.0] rotation[0.0,0.0,-1.02842]
 Event after boost+rotation: [115.91503, -35.78702, -109.80703, 1.0]

Order matters. Rotation+boost isn't the same. The operations don't commute.
But there is apparently a DIFFERENT rotation+boost that is indeed the same (not implemented here).
Rotation+boost transform: rotation[0.0,0.0,-1.02842] boost [0.97,0.23095,0.0]
 Event from rotation+boost: [131.90826, -128.27952, -29.0887, 1.0]

β                    β                    Equivalent           Equivalent    θw      (v = vx + vy)         (v = vy + vx)     
X-axis               Y-axis               β                    direction                                                     
-----------------------------------------------------------------------------------------------------------------------------
0.1                  0.1                  0.1410673597966588    44.856°    -0.288°   [0.1,0.0995,0.0]      [0.0995,0.1,0.0]      
0.1                  0.2                  0.2227105745132009    63.320°    -0.580°   [0.1,0.199,0.0]       [0.09798,0.2,0.0]     
0.1                  0.3                  0.3148015247739439    71.479°    -0.882°   [0.1,0.2985,0.0]      [0.09539,0.3,0.0]     
0.1                  0.4                  0.4103656905736638    75.896°    -1.199°   [0.1,0.39799,0.0]     [0.09165,0.4,0.0]     
0.1                  0.5                  0.5074445782546110    78.635°    -1.539°   [0.1,0.49749,0.0]     [0.0866,0.5,0.0]      
0.1                  0.6                  0.6053098380168622    80.491°    -1.915°   [0.1,0.59699,0.0]     [0.08,0.6,0.0]        
0.1                  0.7                  0.7036334272900910    81.830°    -2.345°   [0.1,0.69649,0.0]     [0.07141,0.7,0.0]     
0.1                  0.8                  0.8022468448052632    82.840°    -2.871°   [0.1,0.79599,0.0]     [0.06,0.8,0.0]        
0.1                  0.9                  0.9010549372818508    83.628°    -3.599°   [0.1,0.89549,0.0]     [0.04359,0.9,0.0]     
0.1                  0.95                 0.9505130193742746    83.961°    -4.157°   [0.1,0.94524,0.0]     [0.03122,0.95,0.0]    
0.1                  0.96                 0.9604082465285271    84.023°    -4.306°   [0.1,0.95519,0.0]     [0.028,0.96,0.0]      
0.1                  0.97                 0.9703045913526329    84.085°    -4.480°   [0.1,0.96514,0.0]     [0.02431,0.97,0.0]    
0.1                  0.98                 0.9802020199938378    84.145°    -4.692°   [0.1,0.97509,0.0]     [0.0199,0.98,0.0]     
0.1                  0.99                 0.9901004999493739    84.203°    -4.980°   [0.1,0.98504,0.0]     [0.01411,0.99,0.0]    
0.1                  0.999                0.9990100049549052    84.255°    -5.489°   [0.1,0.99399,0.0]     [0.00447,0.999,0.0]   
0.1                  0.9999               0.9999010000495048    84.260°    -5.659°   [0.1,0.99489,0.0]     [0.00141,0.9999,0.0]  
0.1                  0.9999999895816072   0.9999999896857911    84.261°    -5.738°   [0.1,0.99499,0.0]     [1.0E-5,1.0,0.0]      
0.2                  0.1                  0.2227105745132009    26.100°    -0.580°   [0.2,0.09798,0.0]     [0.199,0.1,0.0]       
0.2                  0.2                  0.2800000000000000    44.415°    -1.169°   [0.2,0.19596,0.0]     [0.19596,0.2,0.0]     
0.2                  0.3                  0.3555277766926236    55.768°    -1.777°   [0.2,0.29394,0.0]     [0.19079,0.3,0.0]     
0.2                  0.4                  0.4400000000000000    62.964°    -2.416°   [0.2,0.39192,0.0]     [0.1833,0.4,0.0]      
0.2                  0.5                  0.5291502622129182    67.792°    -3.101°   [0.2,0.4899,0.0]      [0.17321,0.5,0.0]     
0.2                  0.6                  0.6209669878504008    71.211°    -3.857°   [0.2,0.58788,0.0]     [0.16,0.6,0.0]        
0.2                  0.7                  0.7144228439796699    73.743°    -4.725°   [0.2,0.68586,0.0]     [0.14283,0.7,0.0]     
0.2                  0.8                  0.8089499366462675    75.686°    -5.783°   [0.2,0.78384,0.0]     [0.12,0.8,0.0]        
0.2                  0.9                  0.9042123644365853    77.221°    -7.246°   [0.2,0.88182,0.0]     [0.08718,0.9,0.0]     
0.2                  0.95                 0.9520504188329524    77.873°    -8.366°   [0.2,0.93081,0.0]     [0.06245,0.95,0.0]    
0.2                  0.96                 0.9616319462247498    77.996°    -8.666°   [0.2,0.9406,0.0]      [0.056,0.96,0.0]      
0.2                  0.97                 0.9712177922587704    78.116°    -9.014°   [0.2,0.9504,0.0]      [0.04862,0.97,0.0]    
0.2                  0.98                 0.9808078303113206    78.234°    -9.440°   [0.2,0.9602,0.0]      [0.0398,0.98,0.0]     
0.2                  0.99                 0.9904019386087650    78.350°   -10.018°   [0.2,0.97,0.0]        [0.02821,0.99,0.0]    
0.2                  0.999                0.9990400192184493    78.452°   -11.035°   [0.2,0.97882,0.0]     [0.00894,0.999,0.0]   
0.2                  0.9999               0.9999040001920183    78.462°   -11.376°   [0.2,0.9797,0.0]      [0.00283,0.9999,0.0]  
0.2                  0.9999999895816072   0.9999999899983430    78.463°   -11.535°   [0.2,0.9798,0.0]      [3.0E-5,1.0,0.0]      
0.3                  0.1                  0.3148015247739439    17.640°    -0.882°   [0.3,0.09539,0.0]     [0.2985,0.1,0.0]      
0.3                  0.2                  0.3555277766926236    32.455°    -1.777°   [0.3,0.19079,0.0]     [0.29394,0.2,0.0]     
0.3                  0.3                  0.4146082488325575    43.650°    -2.701°   [0.3,0.28618,0.0]     [0.28618,0.3,0.0]     
0.3                  0.4                  0.4853864439804639    51.825°    -3.671°   [0.3,0.38158,0.0]     [0.27495,0.4,0.0]     
0.3                  0.5                  0.5634713834792322    57.831°    -4.712°   [0.3,0.47697,0.0]     [0.25981,0.5,0.0]     
0.3                  0.6                  0.6462197768561405    62.339°    -5.860°   [0.3,0.57236,0.0]     [0.24,0.6,0.0]        
0.3                  0.7                  0.7320519107276479    65.807°    -7.175°   [0.3,0.66776,0.0]     [0.21424,0.7,0.0]     
0.3                  0.8                  0.8200000000000001    68.540°    -8.780°   [0.3,0.76315,0.0]     [0.18,0.8,0.0]        
0.3                  0.9                  0.9094503834734472    70.739°   -10.994°   [0.3,0.85855,0.0]     [0.13077,0.9,0.0]     
0.3                  0.95                 0.9546072490820505    71.684°   -12.685°   [0.3,0.90624,0.0]     [0.09367,0.95,0.0]    
0.3                  0.96                 0.9636679926198649    71.862°   -13.138°   [0.3,0.91578,0.0]     [0.084,0.96,0.0]      
0.3                  0.97                 0.9727378886421563    72.037°   -13.664°   [0.3,0.92532,0.0]     [0.07293,0.97,0.0]    
0.3                  0.98                 0.9818166835005403    72.208°   -14.306°   [0.3,0.93486,0.0]     [0.0597,0.98,0.0]     
0.3                  0.99                 0.9909041325981037    72.377°   -15.175°   [0.3,0.9444,0.0]      [0.04232,0.99,0.0]    
0.3                  0.999                0.9990900409872977    72.526°   -16.705°   [0.3,0.95299,0.0]     [0.01341,0.999,0.0]   
0.3                  0.9999               0.9999090004095373    72.541°   -17.216°   [0.3,0.95384,0.0]     [0.00424,0.9999,0.0]  
0.3                  0.9999999895816072   0.9999999905192626    72.542°   -17.455°   [0.3,0.95394,0.0]     [4.0E-5,1.0,0.0]      
0.4                  0.1                  0.4103656905736638    12.905°    -1.199°   [0.4,0.09165,0.0]     [0.39799,0.1,0.0]     
0.4                  0.2                  0.4400000000000001    24.620°    -2.416°   [0.4,0.1833,0.0]      [0.39192,0.2,0.0]     
0.4                  0.3                  0.4853864439804639    34.504°    -3.671°   [0.4,0.27495,0.0]     [0.38158,0.3,0.0]     
0.4                  0.4                  0.5425863986500216    42.506°    -4.989°   [0.4,0.36661,0.0]     [0.36661,0.4,0.0]     
0.4                  0.5                  0.6082762530298220    48.883°    -6.402°   [0.4,0.45826,0.0]     [0.34641,0.5,0.0]     
0.4                  0.6                  0.6799999999999999    53.968°    -7.959°   [0.4,0.54991,0.0]     [0.32,0.6,0.0]        
0.4                  0.7                  0.7560423268574319    58.057°    -9.743°   [0.4,0.64156,0.0]     [0.28566,0.7,0.0]     
0.4                  0.8                  0.8352245207128441    61.386°   -11.915°   [0.4,0.73321,0.0]     [0.24,0.8,0.0]        
0.4                  0.9                  0.9167333309092673    64.130°   -14.906°   [0.4,0.82486,0.0]     [0.17436,0.9,0.0]     
0.4                  0.95                 0.9581753492967767    65.326°   -17.184°   [0.4,0.87069,0.0]     [0.1249,0.95,0.0]     
0.4                  0.96                 0.9665112518744933    65.553°   -17.793°   [0.4,0.87985,0.0]     [0.112,0.96,0.0]      
0.4                  0.97                 0.9748620415217735    65.775°   -18.500°   [0.4,0.88902,0.0]     [0.09724,0.97,0.0]    
0.4                  0.98                 0.9832273389201504    65.995°   -19.362°   [0.4,0.89818,0.0]     [0.0796,0.98,0.0]     
0.4                  0.99                 0.9916067769030222    66.210°   -20.528°   [0.4,0.90735,0.0]     [0.05643,0.99,0.0]    
0.4                  0.999                0.9991600672564932    66.401°   -22.574°   [0.4,0.9156,0.0]      [0.01788,0.999,0.0]   
0.4                  0.9999               0.9999160006720564    66.420°   -23.256°   [0.4,0.91642,0.0]     [0.00566,0.9999,0.0]  
0.4                  0.9999999895816072   0.9999999912485502    66.422°   -23.575°   [0.4,0.91652,0.0]     [6.0E-5,1.0,0.0]      
0.5                  0.1                  0.5074445782546110     9.826°    -1.539°   [0.5,0.0866,0.0]      [0.49749,0.1,0.0]     
0.5                  0.2                  0.5291502622129180    19.107°    -3.101°   [0.5,0.17321,0.0]     [0.4899,0.2,0.0]      
0.5                  0.3                  0.5634713834792322    27.457°    -4.712°   [0.5,0.25981,0.0]     [0.47697,0.3,0.0]     
0.5                  0.4                  0.6082762530298219    34.715°    -6.402°   [0.5,0.34641,0.0]     [0.45826,0.4,0.0]     
0.5                  0.5                  0.6614378277661476    40.893°    -8.213°   [0.5,0.43301,0.0]     [0.43301,0.5,0.0]     
0.5                  0.6                  0.7211102550927979    46.102°   -10.208°   [0.5,0.51962,0.0]     [0.4,0.6,0.0]         
0.5                  0.7                  0.7858116822750854    50.485°   -12.489°   [0.5,0.60622,0.0]     [0.35707,0.7,0.0]     
0.5                  0.8                  0.8544003745317531    54.183°   -15.262°   [0.5,0.69282,0.0]     [0.3,0.8,0.0]         
0.5                  0.9                  0.9260129588726067    57.320°   -19.067°   [0.5,0.77942,0.0]     [0.21794,0.9,0.0]     
0.5                  0.95                 0.9627434756984852    58.711°   -21.956°   [0.5,0.82272,0.0]     [0.15612,0.95,0.0]    
0.5                  0.96                 0.9701546268507923    58.977°   -22.726°   [0.5,0.83138,0.0]     [0.14,0.96,0.0]       
0.5                  0.97                 0.9775863133248133    59.239°   -23.619°   [0.5,0.84004,0.0]     [0.12155,0.97,0.0]    
0.5                  0.98                 0.9850380703302790    59.496°   -24.706°   [0.5,0.8487,0.0]      [0.0995,0.98,0.0]     
0.5                  0.99                 0.9925094457988800    59.750°   -26.175°   [0.5,0.85737,0.0]     [0.07053,0.99,0.0]    
0.5                  0.999                0.9992500938203607    59.975°   -28.743°   [0.5,0.86516,0.0]     [0.02236,0.999,0.0]   
0.5                  0.9999               0.9999250009375701    59.998°   -29.597°   [0.5,0.86594,0.0]     [0.00707,0.9999,0.0]  
0.5                  0.9999999895816072   0.9999999921862053    60.000°   -29.996°   [0.5,0.86603,0.0]     [7.0E-5,1.0,0.0]      
0.6                  0.1                  0.6053098380168623     7.595°    -1.915°   [0.6,0.08,0.0]        [0.59699,0.1,0.0]     
0.6                  0.2                  0.6209669878504009    14.931°    -3.857°   [0.6,0.16,0.0]        [0.58788,0.2,0.0]     
0.6                  0.3                  0.6462197768561405    21.801°    -5.860°   [0.6,0.24,0.0]        [0.57236,0.3,0.0]     
0.6                  0.4                  0.6799999999999999    28.073°    -7.959°   [0.6,0.32,0.0]        [0.54991,0.4,0.0]     
0.6                  0.5                  0.7211102550927979    33.690°   -10.208°   [0.6,0.4,0.0]         [0.51962,0.5,0.0]     
0.6                  0.6                  0.7683749084919419    38.660°   -12.680°   [0.6,0.48,0.0]        [0.48,0.6,0.0]        
0.6                  0.7                  0.8207313811473276    43.025°   -15.503°   [0.6,0.56,0.0]        [0.42849,0.7,0.0]     
0.6                  0.8                  0.8772684879784524    46.848°   -18.925°   [0.6,0.64,0.0]        [0.36,0.8,0.0]        
0.6                  0.9                  0.9372299611087985    50.194°   -23.602°   [0.6,0.72,0.0]        [0.26153,0.9,0.0]     
0.6                  0.95                 0.9682974749528164    51.710°   -27.134°   [0.6,0.76,0.0]        [0.18735,0.95,0.0]    
0.6                  0.96                 0.9745891442038539    52.001°   -28.073°   [0.6,0.768,0.0]       [0.168,0.96,0.0]      
0.6                  0.97                 0.9809057039287721    52.289°   -29.159°   [0.6,0.776,0.0]       [0.14586,0.97,0.0]    
0.6                  0.98                 0.9872466763681710    52.573°   -30.481°   [0.6,0.784,0.0]       [0.1194,0.98,0.0]     
0.6                  0.99                 0.9936115941352537    52.853°   -32.260°   [0.6,0.792,0.0]       [0.08464,0.99,0.0]    
0.6                  0.999                0.9993601152737687    53.103°   -35.359°   [0.6,0.7992,0.0]      [0.02683,0.999,0.0]   
0.6                  0.9999               0.9999360011520738    53.127°   -36.387°   [0.6,0.79992,0.0]     [0.00849,0.9999,0.0]  
0.6                  0.9999999895816072   0.9999999933322287    53.130°   -36.865°   [0.6,0.8,0.0]         [9.0E-5,1.0,0.0]      
0.7                  0.1                  0.7036334272900912     5.825°    -2.345°   [0.7,0.07141,0.0]     [0.69649,0.1,0.0]     
0.7                  0.2                  0.7144228439796700    11.532°    -4.725°   [0.7,0.14283,0.0]     [0.68586,0.2,0.0]     
0.7                  0.3                  0.7320519107276477    17.017°    -7.175°   [0.7,0.21424,0.0]     [0.66776,0.3,0.0]     
0.7                  0.4                  0.7560423268574318    22.200°    -9.743°   [0.7,0.28566,0.0]     [0.64156,0.4,0.0]     
0.7                  0.5                  0.7858116822750855    27.026°   -12.489°   [0.7,0.35707,0.0]     [0.60622,0.5,0.0]     
0.7                  0.6                  0.8207313811473275    31.472°   -15.503°   [0.7,0.42849,0.0]     [0.56,0.6,0.0]        
0.7                  0.7                  0.8601744009211155    35.532°   -18.936°   [0.7,0.4999,0.0]      [0.4999,0.7,0.0]      
0.7                  0.8                  0.9035485598461213    39.220°   -23.081°   [0.7,0.57131,0.0]     [0.42,0.8,0.0]        
0.7                  0.9                  0.9503157370053388    42.558°   -28.714°   [0.7,0.64273,0.0]     [0.30512,0.9,0.0]     
0.7                  0.95                 0.9748204962966257    44.104°   -32.939°   [0.7,0.67844,0.0]     [0.21857,0.95,0.0]    
0.7                  0.96                 0.9798040620450601    44.404°   -34.057°   [0.7,0.68558,0.0]     [0.196,0.96,0.0]      
0.7                  0.97                 0.9848141956734782    44.700°   -35.349°   [0.7,0.69272,0.0]     [0.17017,0.97,0.0]    
0.7                  0.98                 0.9898504937615579    44.994°   -36.916°   [0.7,0.69986,0.0]     [0.1393,0.98,0.0]     
0.7                  0.99                 0.9949125589718927    45.285°   -39.019°   [0.7,0.707,0.0]       [0.09875,0.99,0.0]    
0.7                  0.999                0.9994901250137491    45.544°   -42.661°   [0.7,0.71343,0.0]     [0.0313,0.999,0.0]    
0.7                  0.9999               0.9999490012495637    45.570°   -43.863°   [0.7,0.71407,0.0]     [0.0099,0.9999,0.0]   
0.7                  0.9999999895816072   0.9999999946866196    45.573°   -44.421°   [0.7,0.71414,0.0]     [1.0E-4,1.0,0.0]      
0.8                  0.1                  0.8022468448052633     4.289°    -2.871°   [0.8,0.06,0.0]        [0.79599,0.1,0.0]     
0.8                  0.2                  0.8089499366462675     8.531°    -5.783°   [0.8,0.12,0.0]        [0.78384,0.2,0.0]     
0.8                  0.3                  0.8200000000000001    12.680°    -8.780°   [0.8,0.18,0.0]        [0.76315,0.3,0.0]     
0.8                  0.4                  0.8352245207128440    16.699°   -11.915°   [0.8,0.24,0.0]        [0.73321,0.4,0.0]     
0.8                  0.5                  0.8544003745317532    20.556°   -15.262°   [0.8,0.3,0.0]         [0.69282,0.5,0.0]     
0.8                  0.6                  0.8772684879784524    24.228°   -18.925°   [0.8,0.36,0.0]        [0.64,0.6,0.0]        
0.8                  0.7                  0.9035485598461214    27.700°   -23.081°   [0.8,0.42,0.0]        [0.57131,0.7,0.0]     
0.8                  0.8                  0.9329523031752482    30.964°   -28.073°   [0.8,0.48,0.0]        [0.48,0.8,0.0]        
0.8                  0.9                  0.9651942809610923    34.019°   -34.801°   [0.8,0.54,0.0]        [0.34871,0.9,0.0]     
0.8                  0.95                 0.9822932352408825    35.470°   -39.798°   [0.8,0.57,0.0]        [0.2498,0.95,0.0]     
0.8                  0.96                 0.9857869952479592    35.754°   -41.112°   [0.8,0.576,0.0]       [0.224,0.96,0.0]      
0.8                  0.97                 0.9893048064171123    36.036°   -42.627°   [0.8,0.582,0.0]       [0.19448,0.97,0.0]    
0.8                  0.98                 0.9928464130972121    36.316°   -44.457°   [0.8,0.588,0.0]       [0.1592,0.98,0.0]     
0.8                  0.99                 0.9964115615547625    36.594°   -46.903°   [0.8,0.594,0.0]       [0.11285,0.99,0.0]    
0.8                  0.999                0.9996401152414803    36.842°   -51.107°   [0.8,0.5994,0.0]      [0.03577,0.999,0.0]   
0.8                  0.9999               0.9999640011520414    36.867°   -52.485°   [0.8,0.59994,0.0]     [0.01131,0.9999,0.0]  
0.8                  0.9999999895816072   0.9999999962493787    36.870°   -53.124°   [0.8,0.6,0.0]         [1.2E-4,1.0,0.0]      
0.9                  0.1                  0.9010549372818509     2.773°    -3.599°   [0.9,0.04359,0.0]     [0.89549,0.1,0.0]     
0.9                  0.2                  0.9042123644365853     5.533°    -7.246°   [0.9,0.08718,0.0]     [0.88182,0.2,0.0]     
0.9                  0.3                  0.9094503834734471     8.267°   -10.994°   [0.9,0.13077,0.0]     [0.85855,0.3,0.0]     
0.9                  0.4                  0.9167333309092673    10.964°   -14.906°   [0.9,0.17436,0.0]     [0.82486,0.4,0.0]     
0.9                  0.5                  0.9260129588726068    13.613°   -19.067°   [0.9,0.21794,0.0]     [0.77942,0.5,0.0]     
0.9                  0.6                  0.9372299611087985    16.204°   -23.602°   [0.9,0.26153,0.0]     [0.72,0.6,0.0]        
0.9                  0.7                  0.9503157370053389    18.728°   -28.714°   [0.9,0.30512,0.0]     [0.64273,0.7,0.0]     
0.9                  0.8                  0.9651942809610924    21.179°   -34.801°   [0.9,0.34871,0.0]     [0.54,0.8,0.0]        
0.9                  0.9                  0.9817840903172145    23.552°   -42.896°   [0.9,0.3923,0.0]      [0.3923,0.9,0.0]      
0.9                  0.95                 0.9906942010529789    24.707°   -48.814°   [0.9,0.4141,0.0]      [0.28102,0.95,0.0]    
0.9                  0.96                 0.9925240551241064    24.936°   -50.356°   [0.9,0.41845,0.0]     [0.252,0.96,0.0]      
0.9                  0.97                 0.9943696495770574    25.164°   -52.125°   [0.9,0.42281,0.0]     [0.21879,0.97,0.0]    
0.9                  0.98                 0.9962308969310278    25.391°   -54.253°   [0.9,0.42717,0.0]     [0.1791,0.98,0.0]     
0.9                  0.99                 0.9981077096185562    25.617°   -57.075°   [0.9,0.43153,0.0]     [0.12696,0.99,0.0]    
0.9                  0.999                0.9998100769646204    25.820°   -61.874°   [0.9,0.43545,0.0]     [0.04024,0.999,0.0]   
0.9                  0.9999               0.9999810007695148    25.840°   -63.431°   [0.9,0.43585,0.0]     [0.01273,0.9999,0.0]  
0.9                  0.9999999895816072   0.9999999980205053    25.842°   -64.151°   [0.9,0.43589,0.0]     [1.3E-4,1.0,0.0]      
0.95                 0.1                  0.9505130193742746     1.883°    -4.157°   [0.95,0.03122,0.0]    [0.94524,0.1,0.0]     
0.95                 0.2                  0.9520504188329524     3.761°    -8.366°   [0.95,0.06245,0.0]    [0.93081,0.2,0.0]     
0.95                 0.3                  0.9546072490820505     5.632°   -12.685°   [0.95,0.09367,0.0]    [0.90624,0.3,0.0]     
0.95                 0.4                  0.9581753492967767     7.490°   -17.184°   [0.95,0.1249,0.0]     [0.87069,0.4,0.0]     
0.95                 0.5                  0.9627434756984854     9.333°   -21.956°   [0.95,0.15612,0.0]    [0.82272,0.5,0.0]     
0.95                 0.6                  0.9682974749528164    11.156°   -27.134°   [0.95,0.18735,0.0]    [0.76,0.6,0.0]        
0.95                 0.7                  0.9748204962966259    12.957°   -32.939°   [0.95,0.21857,0.0]    [0.67844,0.7,0.0]     
0.95                 0.8                  0.9822932352408826    14.732°   -39.798°   [0.95,0.2498,0.0]     [0.57,0.8,0.0]        
0.95                 0.9                  0.9906942010529788    16.479°   -48.814°   [0.95,0.28102,0.0]    [0.4141,0.9,0.0]      
0.95                 0.95                 0.9952355248884557    17.341°   -55.318°   [0.95,0.29664,0.0]    [0.29664,0.95,0.0]    
0.95                 0.96                 0.9961706681086329    17.512°   -57.000°   [0.95,0.29976,0.0]    [0.266,0.96,0.0]      
0.95                 0.97                 0.9971147125581891    17.684°   -58.924°   [0.95,0.30288,0.0]    [0.23095,0.97,0.0]    
0.95                 0.98                 0.9980676329788478    17.854°   -61.227°   [0.95,0.306,0.0]      [0.18905,0.98,0.0]    
0.95                 0.99                 0.9990294039716750    18.025°   -64.266°   [0.95,0.30913,0.0]    [0.13401,0.99,0.0]    
0.95                 0.999                0.9999025440011642    18.178°   -69.388°   [0.95,0.31194,0.0]    [0.04247,0.999,0.0]   
0.95                 0.9999               0.9999902504399729    18.193°   -71.037°   [0.95,0.31222,0.0]    [0.01343,0.9999,0.0]  
0.95                 0.9999999895816072   0.9999999989842068    18.195°   -71.797°   [0.95,0.31225,0.0]    [1.4E-4,1.0,0.0]      
0.96                 0.1                  0.9604082465285271     1.671°    -4.306°   [0.96,0.028,0.0]      [0.95519,0.1,0.0]     
0.96                 0.2                  0.9616319462247499     3.339°    -8.666°   [0.96,0.056,0.0]      [0.9406,0.2,0.0]      
0.96                 0.3                  0.9636679926198649     5.001°   -13.138°   [0.96,0.084,0.0]      [0.91578,0.3,0.0]     
0.96                 0.4                  0.9665112518744933     6.654°   -17.793°   [0.96,0.112,0.0]      [0.87985,0.4,0.0]     
0.96                 0.5                  0.9701546268507923     8.297°   -22.726°   [0.96,0.14,0.0]       [0.83138,0.5,0.0]     
0.96                 0.6                  0.9745891442038539     9.926°   -28.073°   [0.96,0.168,0.0]      [0.768,0.6,0.0]       
0.96                 0.7                  0.9798040620450601    11.539°   -34.057°   [0.96,0.196,0.0]      [0.68558,0.7,0.0]     
0.96                 0.8                  0.9857869952479592    13.134°   -41.112°   [0.96,0.224,0.0]      [0.576,0.8,0.0]       
0.96                 0.9                  0.9925240551241064    14.708°   -50.356°   [0.96,0.252,0.0]      [0.41845,0.9,0.0]     
0.96                 0.95                 0.9961706681086328    15.487°   -57.000°   [0.96,0.266,0.0]      [0.29976,0.95,0.0]    
0.96                 0.96                 0.9969219829053825    15.642°   -58.716°   [0.96,0.2688,0.0]     [0.2688,0.96,0.0]     
0.96                 0.97                 0.9976805901690181    15.797°   -60.675°   [0.96,0.2716,0.0]     [0.23338,0.97,0.0]    
0.96                 0.98                 0.9984464732773611    15.952°   -63.018°   [0.96,0.2744,0.0]     [0.19104,0.98,0.0]    
0.96                 0.99                 0.9992196155000161    16.106°   -66.105°   [0.96,0.2772,0.0]     [0.13542,0.99,0.0]    
0.96                 0.999                0.9999216361295518    16.245°   -71.295°   [0.96,0.27972,0.0]    [0.04292,0.999,0.0]   
0.96                 0.9999               0.9999921603612701    16.259°   -72.964°   [0.96,0.27997,0.0]    [0.01358,0.9999,0.0]  
0.96                 0.9999999895816072   0.9999999991831979    16.260°   -73.732°   [0.96,0.28,0.0]       [1.4E-4,1.0,0.0]      
0.97                 0.1                  0.9703045913526329     1.436°    -4.480°   [0.97,0.02431,0.0]    [0.96514,0.1,0.0]     
0.97                 0.2                  0.9712177922587705     2.870°    -9.014°   [0.97,0.04862,0.0]    [0.9504,0.2,0.0]      
0.97                 0.3                  0.9727378886421562     4.300°   -13.664°   [0.97,0.07293,0.0]    [0.92532,0.3,0.0]     
0.97                 0.4                  0.9748620415217734     5.725°   -18.500°   [0.97,0.09724,0.0]    [0.88902,0.4,0.0]     
0.97                 0.5                  0.9775863133248134     7.143°   -23.619°   [0.97,0.12155,0.0]    [0.84004,0.5,0.0]     
0.97                 0.6                  0.9809057039287720     8.552°   -29.159°   [0.97,0.14586,0.0]    [0.776,0.6,0.0]       
0.97                 0.7                  0.9848141956734782     9.951°   -35.349°   [0.97,0.17017,0.0]    [0.69272,0.7,0.0]     
0.97                 0.8                  0.9893048064171123    11.337°   -42.627°   [0.97,0.19448,0.0]    [0.582,0.8,0.0]       
0.97                 0.9                  0.9943696495770575    12.711°   -52.125°   [0.97,0.21879,0.0]    [0.42281,0.9,0.0]     
0.97                 0.95                 0.9971147125581891    13.392°   -58.924°   [0.97,0.23095,0.0]    [0.30288,0.95,0.0]    
0.97                 0.96                 0.9976805901690180    13.528°   -60.675°   [0.97,0.23338,0.0]    [0.2716,0.96,0.0]     
0.97                 0.97                 0.9982520673657530    13.664°   -62.672°   [0.97,0.23581,0.0]    [0.23581,0.97,0.0]    
0.97                 0.98                 0.9988291345370337    13.799°   -65.058°   [0.97,0.23824,0.0]    [0.19303,0.98,0.0]    
0.97                 0.99                 0.9994117819997921    13.935°   -68.196°   [0.97,0.24067,0.0]    [0.13684,0.99,0.0]    
0.97                 0.999                0.9999409278052380    14.056°   -73.458°   [0.97,0.24286,0.0]    [0.04337,0.999,0.0]   
0.97                 0.9999               0.9999940902780375    14.069°   -75.146°   [0.97,0.24308,0.0]    [0.01372,0.9999,0.0]  
0.97                 0.9999999895816072   0.9999999993842730    14.070°   -75.922°   [0.97,0.2431,0.0]     [1.4E-4,1.0,0.0]      
0.98                 0.1                  0.9802020199938378     1.163°    -4.692°   [0.98,0.0199,0.0]     [0.97509,0.1,0.0]     
0.98                 0.2                  0.9808078303113206     2.326°    -9.440°   [0.98,0.0398,0.0]     [0.9602,0.2,0.0]      
0.98                 0.3                  0.9818166835005402     3.486°   -14.306°   [0.98,0.0597,0.0]     [0.93486,0.3,0.0]     
0.98                 0.4                  0.9832273389201502     4.644°   -19.362°   [0.98,0.0796,0.0]     [0.89818,0.4,0.0]     
0.98                 0.5                  0.9850380703302791     5.797°   -24.706°   [0.98,0.0995,0.0]     [0.8487,0.5,0.0]      
0.98                 0.6                  0.9872466763681710     6.946°   -30.481°   [0.98,0.1194,0.0]     [0.784,0.6,0.0]       
0.98                 0.7                  0.9898504937615579     8.090°   -36.916°   [0.98,0.1393,0.0]     [0.69986,0.7,0.0]     
0.98                 0.8                  0.9928464130972121     9.227°   -44.457°   [0.98,0.1592,0.0]     [0.588,0.8,0.0]       
0.98                 0.9                  0.9962308969310278    10.357°   -54.253°   [0.98,0.1791,0.0]     [0.42717,0.9,0.0]     
0.98                 0.95                 0.9980676329788479    10.919°   -61.227°   [0.98,0.18905,0.0]    [0.306,0.95,0.0]      
0.98                 0.96                 0.9984464732773610    11.031°   -63.018°   [0.98,0.19104,0.0]    [0.2744,0.96,0.0]     
0.98                 0.97                 0.9988291345370338    11.143°   -65.058°   [0.98,0.19303,0.0]    [0.23824,0.97,0.0]    
0.98                 0.98                 0.9992156123680214    11.255°   -67.491°   [0.98,0.19502,0.0]    [0.19502,0.98,0.0]    
0.98                 0.99                 0.9996059023435185    11.367°   -70.684°   [0.98,0.19701,0.0]    [0.13825,0.99,0.0]    
0.98                 0.999                0.9999604190166730    11.467°   -76.022°   [0.98,0.1988,0.0]     [0.04382,0.999,0.0]   
0.98                 0.9999               0.9999960401901600    11.477°   -77.729°   [0.98,0.19898,0.0]    [0.01386,0.9999,0.0]  
0.98                 0.9999999895816072   0.9999999995874316    11.478°   -78.514°   [0.98,0.199,0.0]      [1.4E-4,1.0,0.0]      
0.99                 0.1                  0.9901004999493739     0.816°    -4.980°   [0.99,0.01411,0.0]    [0.98504,0.1,0.0]     
0.99                 0.2                  0.9904019386087651     1.632°   -10.018°   [0.99,0.02821,0.0]    [0.97,0.2,0.0]        
0.99                 0.3                  0.9909041325981035     2.448°   -15.175°   [0.99,0.04232,0.0]    [0.9444,0.3,0.0]      
0.99                 0.4                  0.9916067769030221     3.262°   -20.528°   [0.99,0.05643,0.0]    [0.90735,0.4,0.0]     
0.99                 0.5                  0.9925094457988801     4.075°   -26.175°   [0.99,0.07053,0.0]    [0.85737,0.5,0.0]     
0.99                 0.6                  0.9936115941352538     4.887°   -32.260°   [0.99,0.08464,0.0]    [0.792,0.6,0.0]       
0.99                 0.7                  0.9949125589718929     5.696°   -39.019°   [0.99,0.09875,0.0]    [0.707,0.7,0.0]       
0.99                 0.8                  0.9964115615547624     6.503°   -46.903°   [0.99,0.11285,0.0]    [0.594,0.8,0.0]       
0.99                 0.9                  0.9981077096185561     7.308°   -57.075°   [0.99,0.12696,0.0]    [0.43153,0.9,0.0]     
0.99                 0.95                 0.9990294039716750     7.709°   -64.266°   [0.99,0.13401,0.0]    [0.30913,0.95,0.0]    
0.99                 0.96                 0.9992196155000160     7.789°   -66.105°   [0.99,0.13542,0.0]    [0.2772,0.96,0.0]     
0.99                 0.97                 0.9994117819997921     7.869°   -68.196°   [0.99,0.13684,0.0]    [0.24067,0.97,0.0]    
0.99                 0.98                 0.9996059023435186     7.950°   -70.684°   [0.99,0.13825,0.0]    [0.19701,0.98,0.0]    
0.99                 0.99                 0.9998019753931275     8.030°   -73.941°   [0.99,0.13966,0.0]    [0.13966,0.99,0.0]    
0.99                 0.999                0.9999801097521891     8.102°   -79.361°   [0.99,0.14093,0.0]    [0.04426,0.999,0.0]   
0.99                 0.9999               0.9999980100975202     8.109°   -81.089°   [0.99,0.14105,0.0]    [0.014,0.9999,0.0]    
0.99                 0.9999999895816072   0.9999999997926740     8.110°   -81.882°   [0.99,0.14107,0.0]    [1.4E-4,1.0,0.0]      
0.999                0.1                  0.9990100049549052     0.256°    -5.489°   [0.999,0.00447,0.0]   [0.99399,0.1,0.0]     
0.999                0.2                  0.9990400192184494     0.513°   -11.035°   [0.999,0.00894,0.0]   [0.97882,0.2,0.0]     
0.999                0.3                  0.9990900409872976     0.769°   -16.705°   [0.999,0.01341,0.0]   [0.95299,0.3,0.0]     
0.999                0.4                  0.9991600672564932     1.026°   -22.574°   [0.999,0.01788,0.0]   [0.9156,0.4,0.0]      
0.999                0.5                  0.9992500938203608     1.282°   -28.743°   [0.999,0.02236,0.0]   [0.86516,0.5,0.0]     
0.999                0.6                  0.9993601152737686     1.538°   -35.359°   [0.999,0.02683,0.0]   [0.7992,0.6,0.0]      
0.999                0.7                  0.9994901250137491     1.794°   -42.661°   [0.999,0.0313,0.0]    [0.71343,0.7,0.0]     
0.999                0.8                  0.9996401152414803     2.051°   -51.107°   [0.999,0.03577,0.0]   [0.5994,0.8,0.0]      
0.999                0.9                  0.9998100769646202     2.307°   -61.874°   [0.999,0.04024,0.0]   [0.43545,0.9,0.0]     
0.999                0.95                 0.9999025440011641     2.435°   -69.388°   [0.999,0.04247,0.0]   [0.31194,0.95,0.0]    
0.999                0.96                 0.9999216361295516     2.460°   -71.295°   [0.999,0.04292,0.0]   [0.27972,0.96,0.0]    
0.999                0.97                 0.9999409278052379     2.486°   -73.458°   [0.999,0.04337,0.0]   [0.24286,0.97,0.0]    
0.999                0.98                 0.9999604190166729     2.511°   -76.022°   [0.999,0.04382,0.0]   [0.1988,0.98,0.0]     
0.999                0.99                 0.9999801097521890     2.537°   -79.361°   [0.999,0.04426,0.0]   [0.14093,0.99,0.0]    
0.999                0.999                0.9999980019975040     2.560°   -84.880°   [0.999,0.04467,0.0]   [0.04467,0.999,0.0]   
0.999                0.9999               0.9999998001099749     2.562°   -86.628°   [0.999,0.04471,0.0]   [0.01413,0.9999,0.0]  
0.999                0.9999999895816072   0.9999999999791734     2.563°   -87.429°   [0.999,0.04471,0.0]   [1.4E-4,1.0,0.0]      
0.9999               0.1                  0.9999010000495049     0.081°    -5.659°   [0.9999,0.00141,0.0]  [0.99489,0.1,0.0]     
0.9999               0.2                  0.9999040001920184     0.162°   -11.376°   [0.9999,0.00283,0.0]  [0.9797,0.2,0.0]      
0.9999               0.3                  0.9999090004095373     0.243°   -17.216°   [0.9999,0.00424,0.0]  [0.95384,0.3,0.0]     
0.9999               0.4                  0.9999160006720564     0.324°   -23.256°   [0.9999,0.00566,0.0]  [0.91642,0.4,0.0]     
0.9999               0.5                  0.9999250009375701     0.405°   -29.597°   [0.9999,0.00707,0.0]  [0.86594,0.5,0.0]     
0.9999               0.6                  0.9999360011520738     0.486°   -36.387°   [0.9999,0.00849,0.0]  [0.79992,0.6,0.0]     
0.9999               0.7                  0.9999490012495638     0.567°   -43.863°   [0.9999,0.0099,0.0]   [0.71407,0.7,0.0]     
0.9999               0.8                  0.9999640011520413     0.648°   -52.485°   [0.9999,0.01131,0.0]  [0.59994,0.8,0.0]     
0.9999               0.9                  0.9999810007695146     0.729°   -63.431°   [0.9999,0.01273,0.0]  [0.43585,0.9,0.0]     
0.9999               0.95                 0.9999902504399729     0.770°   -71.037°   [0.9999,0.01343,0.0]  [0.31222,0.95,0.0]    
0.9999               0.96                 0.9999921603612700     0.778°   -72.964°   [0.9999,0.01358,0.0]  [0.27997,0.96,0.0]    
0.9999               0.97                 0.9999940902780374     0.786°   -75.146°   [0.9999,0.01372,0.0]  [0.24308,0.97,0.0]    
0.9999               0.98                 0.9999960401901599     0.794°   -77.729°   [0.9999,0.01386,0.0]  [0.19898,0.98,0.0]    
0.9999               0.99                 0.9999980100975201     0.802°   -81.089°   [0.9999,0.014,0.0]    [0.14105,0.99,0.0]    
0.9999               0.999                0.9999998001099750     0.810°   -86.628°   [0.9999,0.01413,0.0]  [0.04471,0.999,0.0]   
0.9999               0.9999               0.9999999800019997     0.810°   -88.380°   [0.9999,0.01414,0.0]  [0.01414,0.9999,0.0]  
0.9999               0.9999999895816072   0.9999999999979163     0.810°   -89.181°   [0.9999,0.01414,0.0]  [1.4E-4,1.0,0.0]      
0.9999999895816072   0.1                  0.9999999896857912     0.001°    -5.738°   [1.0,1.0E-5,0.0]      [0.99499,0.1,0.0]     
0.9999999895816072   0.2                  0.9999999899983430     0.002°   -11.535°   [1.0,3.0E-5,0.0]      [0.9798,0.2,0.0]      
0.9999999895816072   0.3                  0.9999999905192626     0.003°   -17.455°   [1.0,4.0E-5,0.0]      [0.95394,0.3,0.0]     
0.9999999895816072   0.4                  0.9999999912485502     0.003°   -23.575°   [1.0,6.0E-5,0.0]      [0.91652,0.4,0.0]     
0.9999999895816072   0.5                  0.9999999921862055     0.004°   -29.996°   [1.0,7.0E-5,0.0]      [0.86603,0.5,0.0]     
0.9999999895816072   0.6                  0.9999999933322287     0.005°   -36.865°   [1.0,9.0E-5,0.0]      [0.8,0.6,0.0]         
0.9999999895816072   0.7                  0.9999999946866197     0.006°   -44.421°   [1.0,1.0E-4,0.0]      [0.71414,0.7,0.0]     
0.9999999895816072   0.8                  0.9999999962493786     0.007°   -53.124°   [1.0,1.2E-4,0.0]      [0.6,0.8,0.0]         
0.9999999895816072   0.9                  0.9999999980205053     0.007°   -64.151°   [1.0,1.3E-4,0.0]      [0.43589,0.9,0.0]     
0.9999999895816072   0.95                 0.9999999989842068     0.008°   -71.797°   [1.0,1.4E-4,0.0]      [0.31225,0.95,0.0]    
0.9999999895816072   0.96                 0.9999999991831980     0.008°   -73.732°   [1.0,1.4E-4,0.0]      [0.28,0.96,0.0]       
0.9999999895816072   0.97                 0.9999999993842730     0.008°   -75.922°   [1.0,1.4E-4,0.0]      [0.2431,0.97,0.0]     
0.9999999895816072   0.98                 0.9999999995874315     0.008°   -78.514°   [1.0,1.4E-4,0.0]      [0.199,0.98,0.0]      
0.9999999895816072   0.99                 0.9999999997926738     0.008°   -81.882°   [1.0,1.4E-4,0.0]      [0.14107,0.99,0.0]    
0.9999999895816072   0.999                0.9999999999791737     0.008°   -87.429°   [1.0,1.4E-4,0.0]      [0.04471,0.999,0.0]   
0.9999999895816072   0.9999               0.9999999999979164     0.008°   -89.181°   [1.0,1.4E-4,0.0]      [0.01414,0.9999,0.0]  
0.9999999895816072   0.9999999895816072   0.9999999999999998     0.008°   -89.984°   [1.0,1.4E-4,0.0]      [1.4E-4,1.0,0.0]      
