Circular motion, and rotation of the K' grid co-moving with the object (kinematic precession).

Details of a single revolution.

Radius: 10.0 Speed:0.2

The negative sign of kinematic rotation (θw) indicates its direction is opposite to that of the circular motion.

ct     Phase     Rotation    Position                Velocity                  
                 θw                                                            
--------------------------------------------------------------------------------
0      0.000°    -0.000°   [10.0,0.0,0.0]          [0.0,0.2,0.0]           
1      1.146°    -0.024°   [9.998,0.19999,0.0]     [-0.004,0.19996,0.0]    
2      2.292°    -0.047°   [9.992,0.39989,0.0]     [-0.008,0.19984,0.0]    
3      3.438°    -0.071°   [9.98201,0.59964,0.0]   [-0.01199,0.19964,0.0]  
4      4.584°    -0.095°   [9.96802,0.79915,0.0]   [-0.01598,0.19936,0.0]  
5      5.730°    -0.118°   [9.95004,0.99833,0.0]   [-0.01997,0.199,0.0]    
6      6.875°    -0.142°   [9.92809,1.19712,0.0]   [-0.02394,0.19856,0.0]  
7      8.021°    -0.165°   [9.90216,1.39543,0.0]   [-0.02791,0.19804,0.0]  
8      9.167°    -0.189°   [9.87227,1.59318,0.0]   [-0.03186,0.19745,0.0]  
9     10.313°    -0.213°   [9.83844,1.7903,0.0]    [-0.03581,0.19677,0.0]  
10    11.459°    -0.236°   [9.80067,1.98669,0.0]   [-0.03973,0.19601,0.0]  
11    12.605°    -0.260°   [9.75897,2.1823,0.0]    [-0.04365,0.19518,0.0]  
12    13.751°    -0.284°   [9.71338,2.37703,0.0]   [-0.04754,0.19427,0.0]  
13    14.897°    -0.307°   [9.6639,2.57081,0.0]    [-0.05142,0.19328,0.0]  
14    16.043°    -0.331°   [9.61055,2.76356,0.0]   [-0.05527,0.19221,0.0]  
15    17.189°    -0.354°   [9.55336,2.9552,0.0]    [-0.0591,0.19107,0.0]   
16    18.335°    -0.378°   [9.49235,3.14567,0.0]   [-0.06291,0.18985,0.0]  
17    19.481°    -0.402°   [9.42755,3.33487,0.0]   [-0.0667,0.18855,0.0]   
18    20.626°    -0.425°   [9.35897,3.52274,0.0]   [-0.07045,0.18718,0.0]  
19    21.772°    -0.449°   [9.28665,3.7092,0.0]    [-0.07418,0.18573,0.0]  
20    22.918°    -0.473°   [9.21061,3.89418,0.0]   [-0.07788,0.18421,0.0]  
21    24.064°    -0.496°   [9.13089,4.0776,0.0]    [-0.08155,0.18262,0.0]  
22    25.210°    -0.520°   [9.04752,4.25939,0.0]   [-0.08519,0.18095,0.0]  
23    26.356°    -0.543°   [8.96052,4.43948,0.0]   [-0.08879,0.17921,0.0]  
24    27.502°    -0.567°   [8.86995,4.61779,0.0]   [-0.09236,0.1774,0.0]   
25    28.648°    -0.591°   [8.77583,4.79426,0.0]   [-0.09589,0.17552,0.0]  
26    29.794°    -0.614°   [8.67819,4.9688,0.0]    [-0.09938,0.17356,0.0]  
27    30.940°    -0.638°   [8.57709,5.14136,0.0]   [-0.10283,0.17154,0.0]  
28    32.086°    -0.662°   [8.47255,5.31186,0.0]   [-0.10624,0.16945,0.0]  
29    33.232°    -0.685°   [8.36463,5.48024,0.0]   [-0.1096,0.16729,0.0]   
30    34.377°    -0.709°   [8.25336,5.64642,0.0]   [-0.11293,0.16507,0.0]  
31    35.523°    -0.733°   [8.13878,5.81035,0.0]   [-0.11621,0.16278,0.0]  
32    36.669°    -0.756°   [8.02096,5.97195,0.0]   [-0.11944,0.16042,0.0]  
33    37.815°    -0.780°   [7.89992,6.13117,0.0]   [-0.12262,0.158,0.0]    
34    38.961°    -0.803°   [7.77573,6.28793,0.0]   [-0.12576,0.15551,0.0]  
35    40.107°    -0.827°   [7.64842,6.44218,0.0]   [-0.12884,0.15297,0.0]  
36    41.253°    -0.851°   [7.51806,6.59385,0.0]   [-0.13188,0.15036,0.0]  
37    42.399°    -0.874°   [7.38469,6.74288,0.0]   [-0.13486,0.14769,0.0]  
38    43.545°    -0.898°   [7.24836,6.88921,0.0]   [-0.13778,0.14497,0.0]  
39    44.691°    -0.922°   [7.10914,7.03279,0.0]   [-0.14066,0.14218,0.0]  
40    45.837°    -0.945°   [6.96707,7.17356,0.0]   [-0.14347,0.13934,0.0]  
41    46.983°    -0.969°   [6.82221,7.31146,0.0]   [-0.14623,0.13644,0.0]  
42    48.128°    -0.992°   [6.67463,7.44643,0.0]   [-0.14893,0.13349,0.0]  
43    49.274°    -1.016°   [6.52437,7.57843,0.0]   [-0.15157,0.13049,0.0]  
44    50.420°    -1.040°   [6.37151,7.70739,0.0]   [-0.15415,0.12743,0.0]  
45    51.566°    -1.063°   [6.2161,7.83327,0.0]    [-0.15667,0.12432,0.0]  
46    52.712°    -1.087°   [6.0582,7.95602,0.0]    [-0.15912,0.12116,0.0]  
47    53.858°    -1.111°   [5.89788,8.07558,0.0]   [-0.16151,0.11796,0.0]  
48    55.004°    -1.134°   [5.7352,8.19192,0.0]    [-0.16384,0.1147,0.0]   
49    56.150°    -1.158°   [5.57023,8.30497,0.0]   [-0.1661,0.1114,0.0]    
50    57.296°    -1.181°   [5.40302,8.41471,0.0]   [-0.16829,0.10806,0.0]  
51    58.442°    -1.205°   [5.23366,8.52108,0.0]   [-0.17042,0.10467,0.0]  
52    59.588°    -1.229°   [5.0622,8.62404,0.0]    [-0.17248,0.10124,0.0]  
53    60.734°    -1.252°   [4.88872,8.72355,0.0]   [-0.17447,0.09777,0.0]  
54    61.879°    -1.276°   [4.71328,8.81958,0.0]   [-0.17639,0.09427,0.0]  
55    63.025°    -1.300°   [4.53596,8.91207,0.0]   [-0.17824,0.09072,0.0]  
56    64.171°    -1.323°   [4.35682,9.001,0.0]     [-0.18002,0.08714,0.0]  
57    65.317°    -1.347°   [4.17595,9.08633,0.0]   [-0.18173,0.08352,0.0]  
58    66.463°    -1.371°   [3.9934,9.16803,0.0]    [-0.18336,0.07987,0.0]  
59    67.609°    -1.394°   [3.80925,9.24606,0.0]   [-0.18492,0.07618,0.0]  
60    68.755°    -1.418°   [3.62358,9.32039,0.0]   [-0.18641,0.07247,0.0]  
61    69.901°    -1.441°   [3.43646,9.39099,0.0]   [-0.18782,0.06873,0.0]  
62    71.047°    -1.465°   [3.24796,9.45784,0.0]   [-0.18916,0.06496,0.0]  
63    72.193°    -1.489°   [3.05817,9.5209,0.0]    [-0.19042,0.06116,0.0]  
64    73.339°    -1.512°   [2.86715,9.58016,0.0]   [-0.1916,0.05734,0.0]   
65    74.485°    -1.536°   [2.67499,9.63558,0.0]   [-0.19271,0.0535,0.0]   
66    75.630°    -1.560°   [2.48175,9.68715,0.0]   [-0.19374,0.04964,0.0]  
67    76.776°    -1.583°   [2.28753,9.73485,0.0]   [-0.1947,0.04575,0.0]   
68    77.922°    -1.607°   [2.09239,9.77865,0.0]   [-0.19557,0.04185,0.0]  
69    79.068°    -1.630°   [1.89641,9.81854,0.0]   [-0.19637,0.03793,0.0]  
70    80.214°    -1.654°   [1.69967,9.8545,0.0]    [-0.19709,0.03399,0.0]  
71    81.360°    -1.678°   [1.50225,9.88652,0.0]   [-0.19773,0.03005,0.0]  
72    82.506°    -1.701°   [1.30424,9.91458,0.0]   [-0.19829,0.02608,0.0]  
73    83.652°    -1.725°   [1.1057,9.93868,0.0]    [-0.19877,0.02211,0.0]  
74    84.798°    -1.749°   [0.90672,9.95881,0.0]   [-0.19918,0.01813,0.0]  
75    85.944°    -1.772°   [0.70737,9.97495,0.0]   [-0.1995,0.01415,0.0]   
76    87.090°    -1.796°   [0.50774,9.9871,0.0]    [-0.19974,0.01015,0.0]  
77    88.236°    -1.819°   [0.30791,9.99526,0.0]   [-0.19991,0.00616,0.0]  
78    89.381°    -1.843°   [0.10796,9.99942,0.0]   [-0.19999,0.00216,0.0]  
79    90.527°    -1.867°   [-0.09204,9.99958,0.0]  [-0.19999,-0.00184,0.0] 
80    91.673°    -1.890°   [-0.292,9.99574,0.0]    [-0.19991,-0.00584,0.0] 
81    92.819°    -1.914°   [-0.49184,9.9879,0.0]   [-0.19976,-0.00984,0.0] 
82    93.965°    -1.938°   [-0.69148,9.97606,0.0]  [-0.19952,-0.01383,0.0] 
83    95.111°    -1.961°   [-0.89085,9.96024,0.0]  [-0.1992,-0.01782,0.0]  
84    96.257°    -1.985°   [-1.08987,9.94043,0.0]  [-0.19881,-0.0218,0.0]  
85    97.403°    -2.009°   [-1.28844,9.91665,0.0]  [-0.19833,-0.02577,0.0] 
86    98.549°    -2.032°   [-1.48651,9.8889,0.0]   [-0.19778,-0.02973,0.0] 
87    99.695°    -2.056°   [-1.68397,9.85719,0.0]  [-0.19714,-0.03368,0.0] 
88   100.841°    -2.079°   [-1.88077,9.82154,0.0]  [-0.19643,-0.03762,0.0] 
89   101.986°    -2.103°   [-2.07681,9.78197,0.0]  [-0.19564,-0.04154,0.0] 
90   103.132°    -2.127°   [-2.27202,9.73848,0.0]  [-0.19477,-0.04544,0.0] 
91   104.278°    -2.150°   [-2.46632,9.69109,0.0]  [-0.19382,-0.04933,0.0] 
92   105.424°    -2.174°   [-2.65964,9.63983,0.0]  [-0.1928,-0.05319,0.0]  
93   106.570°    -2.198°   [-2.85189,9.58471,0.0]  [-0.19169,-0.05704,0.0] 
94   107.716°    -2.221°   [-3.043,9.52576,0.0]    [-0.19052,-0.06086,0.0] 
95   108.862°    -2.245°   [-3.2329,9.463,0.0]     [-0.18926,-0.06466,0.0] 
96   110.008°    -2.268°   [-3.4215,9.39645,0.0]   [-0.18793,-0.06843,0.0] 
97   111.154°    -2.292°   [-3.60873,9.32615,0.0]  [-0.18652,-0.07217,0.0] 
98   112.300°    -2.316°   [-3.79452,9.25212,0.0]  [-0.18504,-0.07589,0.0] 
99   113.446°    -2.339°   [-3.97879,9.17438,0.0]  [-0.18349,-0.07958,0.0] 
100  114.592°    -2.363°   [-4.16147,9.09297,0.0]  [-0.18186,-0.08323,0.0] 
101  115.737°    -2.387°   [-4.34248,9.00793,0.0]  [-0.18016,-0.08685,0.0] 
102  116.883°    -2.410°   [-4.52176,8.91929,0.0]  [-0.17839,-0.09044,0.0] 
103  118.029°    -2.434°   [-4.69923,8.82707,0.0]  [-0.17654,-0.09398,0.0] 
104  119.175°    -2.457°   [-4.87482,8.73133,0.0]  [-0.17463,-0.0975,0.0]  
105  120.321°    -2.481°   [-5.04846,8.63209,0.0]  [-0.17264,-0.10097,0.0] 
106  121.467°    -2.505°   [-5.22008,8.5294,0.0]   [-0.17059,-0.1044,0.0]  
107  122.613°    -2.528°   [-5.38961,8.4233,0.0]   [-0.16847,-0.10779,0.0] 
108  123.759°    -2.552°   [-5.55699,8.31383,0.0]  [-0.16628,-0.11114,0.0] 
109  124.905°    -2.576°   [-5.72215,8.20104,0.0]  [-0.16402,-0.11444,0.0] 
110  126.051°    -2.599°   [-5.88501,8.08496,0.0]  [-0.1617,-0.1177,0.0]   
111  127.197°    -2.623°   [-6.04552,7.96565,0.0]  [-0.15931,-0.12091,0.0] 
112  128.343°    -2.647°   [-6.20362,7.84316,0.0]  [-0.15686,-0.12407,0.0] 
113  129.488°    -2.670°   [-6.35923,7.71753,0.0]  [-0.15435,-0.12718,0.0] 
114  130.634°    -2.694°   [-6.5123,7.58881,0.0]   [-0.15178,-0.13025,0.0] 
115  131.780°    -2.717°   [-6.66276,7.45705,0.0]  [-0.14914,-0.13326,0.0] 
116  132.926°    -2.741°   [-6.81056,7.32231,0.0]  [-0.14645,-0.13621,0.0] 
117  134.072°    -2.765°   [-6.95563,7.18465,0.0]  [-0.14369,-0.13911,0.0] 
118  135.218°    -2.788°   [-7.09793,7.04411,0.0]  [-0.14088,-0.14196,0.0] 
119  136.364°    -2.812°   [-7.23738,6.90075,0.0]  [-0.13801,-0.14475,0.0] 
120  137.510°    -2.836°   [-7.37394,6.75463,0.0]  [-0.13509,-0.14748,0.0] 
121  138.656°    -2.859°   [-7.50755,6.60581,0.0]  [-0.13212,-0.15015,0.0] 
122  139.802°    -2.883°   [-7.63815,6.45435,0.0]  [-0.12909,-0.15276,0.0] 
123  140.948°    -2.906°   [-7.7657,6.30031,0.0]   [-0.12601,-0.15531,0.0] 
124  142.094°    -2.930°   [-7.89015,6.14374,0.0]  [-0.12287,-0.1578,0.0]  
125  143.239°    -2.954°   [-8.01144,5.98472,0.0]  [-0.11969,-0.16023,0.0] 
126  144.385°    -2.977°   [-8.12952,5.82331,0.0]  [-0.11647,-0.16259,0.0] 
127  145.531°    -3.001°   [-8.24435,5.65956,0.0]  [-0.11319,-0.16489,0.0] 
128  146.677°    -3.025°   [-8.35589,5.49355,0.0]  [-0.10987,-0.16712,0.0] 
129  147.823°    -3.048°   [-8.46408,5.32535,0.0]  [-0.10651,-0.16928,0.0] 
130  148.969°    -3.072°   [-8.56889,5.15501,0.0]  [-0.1031,-0.17138,0.0]  
131  150.115°    -3.095°   [-8.67027,4.98262,0.0]  [-0.09965,-0.17341,0.0] 
132  151.261°    -3.119°   [-8.76818,4.80823,0.0]  [-0.09616,-0.17536,0.0] 
133  152.407°    -3.143°   [-8.86258,4.63191,0.0]  [-0.09264,-0.17725,0.0] 
134  153.553°    -3.166°   [-8.95344,4.45375,0.0]  [-0.08907,-0.17907,0.0] 
135  154.699°    -3.190°   [-9.04072,4.2738,0.0]   [-0.08548,-0.18081,0.0] 
136  155.845°    -3.214°   [-9.12438,4.09214,0.0]  [-0.08184,-0.18249,0.0] 
137  156.990°    -3.237°   [-9.2044,3.90885,0.0]   [-0.07818,-0.18409,0.0] 
138  158.136°    -3.261°   [-9.28073,3.72399,0.0]  [-0.07448,-0.18561,0.0] 
139  159.282°    -3.285°   [-9.35335,3.53764,0.0]  [-0.07075,-0.18707,0.0] 
140  160.428°    -3.308°   [-9.42222,3.34988,0.0]  [-0.067,-0.18844,0.0]   
141  161.574°    -3.332°   [-9.48733,3.16078,0.0]  [-0.06322,-0.18975,0.0] 
142  162.720°    -3.355°   [-9.54865,2.97041,0.0]  [-0.05941,-0.19097,0.0] 
143  163.866°    -3.379°   [-9.60614,2.77886,0.0]  [-0.05558,-0.19212,0.0] 
144  165.012°    -3.403°   [-9.65979,2.58619,0.0]  [-0.05172,-0.1932,0.0]  
145  166.158°    -3.426°   [-9.70958,2.39249,0.0]  [-0.04785,-0.19419,0.0] 
146  167.304°    -3.450°   [-9.75549,2.19784,0.0]  [-0.04396,-0.19511,0.0] 
147  168.450°    -3.474°   [-9.79749,2.0023,0.0]   [-0.04005,-0.19595,0.0] 
148  169.596°    -3.497°   [-9.83557,1.80596,0.0]  [-0.03612,-0.19671,0.0] 
149  170.741°    -3.521°   [-9.86972,1.6089,0.0]   [-0.03218,-0.19739,0.0] 
150  171.887°    -3.544°   [-9.89992,1.4112,0.0]   [-0.02822,-0.198,0.0]   
151  173.033°    -3.568°   [-9.92617,1.21293,0.0]  [-0.02426,-0.19852,0.0] 
152  174.179°    -3.592°   [-9.94844,1.01418,0.0]  [-0.02028,-0.19897,0.0] 
153  175.325°    -3.615°   [-9.96673,0.81502,0.0]  [-0.0163,-0.19933,0.0]  
154  176.471°    -3.639°   [-9.98104,0.61554,0.0]  [-0.01231,-0.19962,0.0] 
155  177.617°    -3.663°   [-9.99135,0.41581,0.0]  [-0.00832,-0.19983,0.0] 
156  178.763°    -3.686°   [-9.99767,0.21591,0.0]  [-0.00432,-0.19995,0.0] 
157  179.909°    -3.710°   [-9.99999,0.01593,0.0]  [-3.2E-4,-0.2,0.0]      
158  181.055°    -3.733°   [-9.99831,-0.18406,0.0] [0.00368,-0.19997,0.0]  
159  182.201°    -3.757°   [-9.99263,-0.38398,0.0] [0.00768,-0.19985,0.0]  
160  183.346°    -3.781°   [-9.98295,-0.58374,0.0] [0.01167,-0.19966,0.0]  
161  184.492°    -3.804°   [-9.96928,-0.78327,0.0] [0.01567,-0.19939,0.0]  
162  185.638°    -3.828°   [-9.95162,-0.98249,0.0] [0.01965,-0.19903,0.0]  
163  186.784°    -3.852°   [-9.92998,-1.18131,0.0] [0.02363,-0.1986,0.0]   
164  187.930°    -3.875°   [-9.90437,-1.37966,0.0] [0.02759,-0.19809,0.0]  
165  189.076°    -3.899°   [-9.8748,-1.57746,0.0]  [0.03155,-0.1975,0.0]   
166  190.222°    -3.923°   [-9.84128,-1.77462,0.0] [0.03549,-0.19683,0.0]  
167  191.368°    -3.946°   [-9.80382,-1.97108,0.0] [0.03942,-0.19608,0.0]  
168  192.514°    -3.970°   [-9.76244,-2.16675,0.0] [0.04334,-0.19525,0.0]  
169  193.660°    -3.993°   [-9.71715,-2.36155,0.0] [0.04723,-0.19434,0.0]  
170  194.806°    -4.017°   [-9.66798,-2.55541,0.0] [0.05111,-0.19336,0.0]  
171  195.952°    -4.041°   [-9.61494,-2.74825,0.0] [0.05496,-0.1923,0.0]   
172  197.097°    -4.064°   [-9.55806,-2.93998,0.0] [0.0588,-0.19116,0.0]   
173  198.243°    -4.088°   [-9.49735,-3.13054,0.0] [0.06261,-0.18995,0.0]  
174  199.389°    -4.112°   [-9.43285,-3.31985,0.0] [0.0664,-0.18866,0.0]   
175  200.535°    -4.135°   [-9.36457,-3.50783,0.0] [0.07016,-0.18729,0.0]  
176  201.681°    -4.159°   [-9.29254,-3.69441,0.0] [0.07389,-0.18585,0.0]  
177  202.827°    -4.182°   [-9.2168,-3.87951,0.0]  [0.07759,-0.18434,0.0]  
178  203.973°    -4.206°   [-9.13737,-4.06306,0.0] [0.08126,-0.18275,0.0]  
179  205.119°    -4.230°   [-9.05429,-4.24498,0.0] [0.0849,-0.18109,0.0]   
180  206.265°    -4.253°   [-8.96758,-4.4252,0.0]  [0.0885,-0.17935,0.0]   
181  207.411°    -4.277°   [-8.87729,-4.60366,0.0] [0.09207,-0.17755,0.0]  
182  208.557°    -4.301°   [-8.78345,-4.78027,0.0] [0.09561,-0.17567,0.0]  
183  209.703°    -4.324°   [-8.68609,-4.95497,0.0] [0.0991,-0.17372,0.0]   
184  210.848°    -4.348°   [-8.58526,-5.12769,0.0] [0.10255,-0.17171,0.0]  
185  211.994°    -4.371°   [-8.481,-5.29836,0.0]   [0.10597,-0.16962,0.0]  
186  213.140°    -4.395°   [-8.37334,-5.46691,0.0] [0.10934,-0.16747,0.0]  
187  214.286°    -4.419°   [-8.26234,-5.63327,0.0] [0.11267,-0.16525,0.0]  
188  215.432°    -4.442°   [-8.14803,-5.79738,0.0] [0.11595,-0.16296,0.0]  
189  216.578°    -4.466°   [-8.03046,-5.95917,0.0] [0.11918,-0.16061,0.0]  
190  217.724°    -4.490°   [-7.90968,-6.11858,0.0] [0.12237,-0.15819,0.0]  
191  218.870°    -4.513°   [-7.78573,-6.27554,0.0] [0.12551,-0.15571,0.0]  
192  220.016°    -4.537°   [-7.65867,-6.42999,0.0] [0.1286,-0.15317,0.0]   
193  221.162°    -4.561°   [-7.52855,-6.58186,0.0] [0.13164,-0.15057,0.0]  
194  222.308°    -4.584°   [-7.39542,-6.73111,0.0] [0.13462,-0.14791,0.0]  
195  223.454°    -4.608°   [-7.25932,-6.87766,0.0] [0.13755,-0.14519,0.0]  
196  224.599°    -4.631°   [-7.12033,-7.02146,0.0] [0.14043,-0.14241,0.0]  
197  225.745°    -4.655°   [-6.97848,-7.16246,0.0] [0.14325,-0.13957,0.0]  
198  226.891°    -4.679°   [-6.83385,-7.30058,0.0] [0.14601,-0.13668,0.0]  
199  228.037°    -4.702°   [-6.68648,-7.43579,0.0] [0.14872,-0.13373,0.0]  
200  229.183°    -4.726°   [-6.53644,-7.56802,0.0] [0.15136,-0.13073,0.0]  
201  230.329°    -4.750°   [-6.38378,-7.69723,0.0] [0.15394,-0.12768,0.0]  
202  231.475°    -4.773°   [-6.22857,-7.82336,0.0] [0.15647,-0.12457,0.0]  
203  232.621°    -4.797°   [-6.07087,-7.94636,0.0] [0.15893,-0.12142,0.0]  
204  233.767°    -4.820°   [-5.91073,-8.06618,0.0] [0.16132,-0.11821,0.0]  
205  234.913°    -4.844°   [-5.74824,-8.18277,0.0] [0.16366,-0.11496,0.0]  
206  236.059°    -4.868°   [-5.58345,-8.29609,0.0] [0.16592,-0.11167,0.0]  
207  237.205°    -4.891°   [-5.41642,-8.40609,0.0] [0.16812,-0.10833,0.0]  
208  238.350°    -4.915°   [-5.24722,-8.51273,0.0] [0.17025,-0.10494,0.0]  
209  239.496°    -4.939°   [-5.07593,-8.61597,0.0] [0.17232,-0.10152,0.0]  
210  240.642°    -4.962°   [-4.90261,-8.71576,0.0] [0.17432,-0.09805,0.0]  
211  241.788°    -4.986°   [-4.72732,-8.81206,0.0] [0.17624,-0.09455,0.0]  
212  242.934°    -5.009°   [-4.55015,-8.90484,0.0] [0.1781,-0.091,0.0]     
213  244.080°    -5.033°   [-4.37115,-8.99405,0.0] [0.17988,-0.08742,0.0]  
214  245.226°    -5.057°   [-4.19041,-9.07967,0.0] [0.18159,-0.08381,0.0]  
215  246.372°    -5.080°   [-4.00799,-9.16166,0.0] [0.18323,-0.08016,0.0]  
216  247.518°    -5.104°   [-3.82397,-9.23998,0.0] [0.1848,-0.07648,0.0]   
217  248.664°    -5.128°   [-3.63842,-9.31461,0.0] [0.18629,-0.07277,0.0]  
218  249.810°    -5.151°   [-3.45141,-9.38551,0.0] [0.18771,-0.06903,0.0]  
219  250.956°    -5.175°   [-3.26302,-9.45266,0.0] [0.18905,-0.06526,0.0]  
220  252.101°    -5.199°   [-3.07333,-9.51602,0.0] [0.19032,-0.06147,0.0]  
221  253.247°    -5.222°   [-2.88241,-9.57558,0.0] [0.19151,-0.05765,0.0]  
222  254.393°    -5.246°   [-2.69033,-9.63131,0.0] [0.19263,-0.05381,0.0]  
223  255.539°    -5.269°   [-2.49718,-9.68319,0.0] [0.19366,-0.04994,0.0]  
224  256.685°    -5.293°   [-2.30303,-9.73119,0.0] [0.19462,-0.04606,0.0]  
225  257.831°    -5.317°   [-2.10796,-9.7753,0.0]  [0.19551,-0.04216,0.0]  
226  258.977°    -5.340°   [-1.91204,-9.8155,0.0]  [0.19631,-0.03824,0.0]  
227  260.123°    -5.364°   [-1.71536,-9.85178,0.0] [0.19704,-0.03431,0.0]  
228  261.269°    -5.388°   [-1.518,-9.88411,0.0]   [0.19768,-0.03036,0.0]  
229  262.415°    -5.411°   [-1.32003,-9.91249,0.0] [0.19825,-0.0264,0.0]   
230  263.561°    -5.435°   [-1.12153,-9.93691,0.0] [0.19874,-0.02243,0.0]  
231  264.707°    -5.458°   [-0.92258,-9.95735,0.0] [0.19915,-0.01845,0.0]  
232  265.852°    -5.482°   [-0.72326,-9.97381,0.0] [0.19948,-0.01447,0.0]  
233  266.998°    -5.506°   [-0.52365,-9.98628,0.0] [0.19973,-0.01047,0.0]  
234  268.144°    -5.529°   [-0.32383,-9.99476,0.0] [0.1999,-0.00648,0.0]   
235  269.290°    -5.553°   [-0.12389,-9.99923,0.0] [0.19998,-0.00248,0.0]  
236  270.436°    -5.577°   [0.07611,-9.99971,0.0]  [0.19999,0.00152,0.0]   
237  271.582°    -5.600°   [0.27608,-9.99619,0.0]  [0.19992,0.00552,0.0]   
238  272.728°    -5.624°   [0.47593,-9.98867,0.0]  [0.19977,0.00952,0.0]   
239  273.874°    -5.647°   [0.6756,-9.97715,0.0]   [0.19954,0.01351,0.0]   
240  275.020°    -5.671°   [0.87499,-9.96165,0.0]  [0.19923,0.0175,0.0]    
241  276.166°    -5.695°   [1.07403,-9.94216,0.0]  [0.19884,0.02148,0.0]   
242  277.312°    -5.718°   [1.27265,-9.91869,0.0]  [0.19837,0.02545,0.0]   
243  278.457°    -5.742°   [1.47076,-9.89125,0.0]  [0.19783,0.02942,0.0]   
244  279.603°    -5.766°   [1.66827,-9.85986,0.0]  [0.1972,0.03337,0.0]    
245  280.749°    -5.789°   [1.86512,-9.82453,0.0]  [0.19649,0.0373,0.0]    
246  281.895°    -5.813°   [2.06123,-9.78526,0.0]  [0.19571,0.04122,0.0]   
247  283.041°    -5.837°   [2.25651,-9.74208,0.0]  [0.19484,0.04513,0.0]   
248  284.187°    -5.860°   [2.45089,-9.69501,0.0]  [0.1939,0.04902,0.0]    
249  285.333°    -5.884°   [2.64428,-9.64405,0.0]  [0.19288,0.05289,0.0]   
250  286.479°    -5.907°   [2.83662,-9.58924,0.0]  [0.19178,0.05673,0.0]   
251  287.625°    -5.931°   [3.02783,-9.5306,0.0]   [0.19061,0.06056,0.0]   
252  288.771°    -5.955°   [3.21782,-9.46814,0.0]  [0.18936,0.06436,0.0]   
253  289.917°    -5.978°   [3.40653,-9.40189,0.0]  [0.18804,0.06813,0.0]   
254  291.063°    -6.002°   [3.59387,-9.33189,0.0]  [0.18664,0.07188,0.0]   
255  292.208°    -6.026°   [3.77978,-9.25815,0.0]  [0.18516,0.0756,0.0]    
256  293.354°    -6.049°   [3.96417,-9.1807,0.0]   [0.18361,0.07928,0.0]   
257  294.500°    -6.073°   [4.14698,-9.09959,0.0]  [0.18199,0.08294,0.0]   
258  295.646°    -6.096°   [4.32813,-9.01484,0.0]  [0.1803,0.08656,0.0]    
259  296.792°    -6.120°   [4.50755,-8.92648,0.0]  [0.17853,0.09015,0.0]   
260  297.938°    -6.144°   [4.68517,-8.83455,0.0]  [0.17669,0.0937,0.0]    
261  299.084°    -6.167°   [4.86091,-8.73908,0.0]  [0.17478,0.09722,0.0]   
262  300.230°    -6.191°   [5.03471,-8.64012,0.0]  [0.1728,0.10069,0.0]    
263  301.376°    -6.215°   [5.20649,-8.53771,0.0]  [0.17075,0.10413,0.0]   
264  302.522°    -6.238°   [5.37619,-8.43188,0.0]  [0.16864,0.10752,0.0]   
265  303.668°    -6.262°   [5.54374,-8.32267,0.0]  [0.16645,0.11087,0.0]   
266  304.814°    -6.285°   [5.70908,-8.21014,0.0]  [0.1642,0.11418,0.0]    
267  305.959°    -6.309°   [5.87213,-8.09433,0.0]  [0.16189,0.11744,0.0]   
268  307.105°    -6.333°   [6.03283,-7.97527,0.0]  [0.15951,0.12066,0.0]   
269  308.251°    -6.356°   [6.19112,-7.85303,0.0]  [0.15706,0.12382,0.0]   
270  309.397°    -6.380°   [6.34693,-7.72764,0.0]  [0.15455,0.12694,0.0]   
271  310.543°    -6.404°   [6.5002,-7.59917,0.0]   [0.15198,0.13,0.0]      
272  311.689°    -6.427°   [6.65088,-7.46765,0.0]  [0.14935,0.13302,0.0]   
273  312.835°    -6.451°   [6.79889,-7.33315,0.0]  [0.14666,0.13598,0.0]   
274  313.981°    -6.475°   [6.94418,-7.19572,0.0]  [0.14391,0.13888,0.0]   
275  315.127°    -6.498°   [7.0867,-7.0554,0.0]    [0.14111,0.14173,0.0]   
276  316.273°    -6.522°   [7.22638,-6.91227,0.0]  [0.13825,0.14453,0.0]   
277  317.419°    -6.545°   [7.36317,-6.76637,0.0]  [0.13533,0.14726,0.0]   
278  318.565°    -6.569°   [7.49702,-6.61776,0.0]  [0.13236,0.14994,0.0]   
279  319.710°    -6.593°   [7.62786,-6.46651,0.0]  [0.12933,0.15256,0.0]   
280  320.856°    -6.616°   [7.75566,-6.31267,0.0]  [0.12625,0.15511,0.0]   
281  322.002°    -6.640°   [7.88035,-6.1563,0.0]   [0.12313,0.15761,0.0]   
282  323.148°    -6.664°   [8.00189,-5.99747,0.0]  [0.11995,0.16004,0.0]   
283  324.294°    -6.687°   [8.12024,-5.83625,0.0]  [0.11672,0.1624,0.0]    
284  325.440°    -6.711°   [8.23533,-5.67269,0.0]  [0.11345,0.16471,0.0]   
285  326.586°    -6.734°   [8.34713,-5.50686,0.0]  [0.11014,0.16694,0.0]   
286  327.732°    -6.758°   [8.45559,-5.33882,0.0]  [0.10678,0.16911,0.0]   
287  328.878°    -6.782°   [8.56067,-5.16865,0.0]  [0.10337,0.17121,0.0]   
288  330.024°    -6.805°   [8.66232,-4.99642,0.0]  [0.09993,0.17325,0.0]   
289  331.170°    -6.829°   [8.76051,-4.82218,0.0]  [0.09644,0.17521,0.0]   
290  332.316°    -6.853°   [8.8552,-4.64602,0.0]   [0.09292,0.1771,0.0]    
291  333.461°    -6.876°   [8.94634,-4.468,0.0]    [0.08936,0.17893,0.0]   
292  334.607°    -6.900°   [9.0339,-4.28819,0.0]   [0.08576,0.18068,0.0]   
293  335.753°    -6.923°   [9.11785,-4.10667,0.0]  [0.08213,0.18236,0.0]   
294  336.899°    -6.947°   [9.19816,-3.9235,0.0]   [0.07847,0.18396,0.0]   
295  338.045°    -6.971°   [9.27478,-3.73877,0.0]  [0.07478,0.1855,0.0]    
296  339.191°    -6.994°   [9.3477,-3.55254,0.0]   [0.07105,0.18695,0.0]   
297  340.337°    -7.018°   [9.41688,-3.36488,0.0]  [0.0673,0.18834,0.0]    
298  341.483°    -7.042°   [9.48229,-3.17589,0.0]  [0.06352,0.18965,0.0]   
299  342.629°    -7.065°   [9.5439,-2.98562,0.0]   [0.05971,0.19088,0.0]   
300  343.775°    -7.089°   [9.6017,-2.79415,0.0]   [0.05588,0.19203,0.0]   
301  344.921°    -7.113°   [9.65566,-2.60157,0.0]  [0.05203,0.19311,0.0]   
302  346.067°    -7.136°   [9.70576,-2.40795,0.0]  [0.04816,0.19412,0.0]   
303  347.212°    -7.160°   [9.75197,-2.21337,0.0]  [0.04427,0.19504,0.0]   
304  348.358°    -7.183°   [9.79429,-2.0179,0.0]   [0.04036,0.19589,0.0]   
305  349.504°    -7.207°   [9.83268,-1.82163,0.0]  [0.03643,0.19665,0.0]   
306  350.650°    -7.231°   [9.86715,-1.62462,0.0]  [0.03249,0.19734,0.0]   
307  351.796°    -7.254°   [9.89766,-1.42697,0.0]  [0.02854,0.19795,0.0]   
308  352.942°    -7.278°   [9.92422,-1.22874,0.0]  [0.02457,0.19848,0.0]   
309  354.088°    -7.302°   [9.94681,-1.03002,0.0]  [0.0206,0.19894,0.0]    
310  355.234°    -7.325°   [9.96542,-0.83089,0.0]  [0.01662,0.19931,0.0]   
311  356.380°    -7.349°   [9.98004,-0.63143,0.0]  [0.01263,0.1996,0.0]    
312  357.526°    -7.372°   [9.99068,-0.43172,0.0]  [0.00863,0.19981,0.0]   
313  358.672°    -7.396°   [9.99731,-0.23183,0.0]  [0.00464,0.19995,0.0]   
314  359.817°    -7.420°   [9.99995,-0.03185,0.0]  [6.4E-4,0.2,0.0]        
315    0.963°    -7.443°   [9.99859,0.16814,0.0]   [-0.00336,0.19997,0.0]  
316    2.109°    -7.467°   [9.99322,0.36806,0.0]   [-0.00736,0.19986,0.0]  
317    3.255°    -7.491°   [9.98386,0.56784,0.0]   [-0.01136,0.19968,0.0]  
318    4.401°    -7.514°   [9.97051,0.76739,0.0]   [-0.01535,0.19941,0.0]  
319    5.547°    -7.538°   [9.95317,0.96664,0.0]   [-0.01933,0.19906,0.0]  

----------------------------------------------------------------------------------------------------

Kinematic rotation after a single revolution becomes extreme in the ultra-relativistic case.

  β     Radius      Rotation θw         
-------------------------------
  0.01  10.000      -0.018°
  0.02  10.000      -0.072°
  0.03  10.000      -0.162°
  0.04  10.000      -0.288°
  0.05  10.000      -0.451°
  0.06  10.000      -0.650°
  0.07  10.000      -0.885°
  0.08  10.000      -1.158°
  0.09  10.000      -1.467°
  0.10  10.000      -1.814°
  0.11  10.000      -2.198°
  0.12  10.000      -2.620°
  0.13  10.000      -3.081°
  0.14  10.000      -3.581°
  0.15  10.000      -4.120°
  0.16  10.000      -4.698°
  0.17  10.000      -5.318°
  0.18  10.000      -5.978°
  0.19  10.000      -6.679°
  0.20  10.000      -7.423°
  0.21  10.000      -8.211°
  0.22  10.000      -9.042°
  0.23  10.000      -9.917°
  0.24  10.000     -10.839°
  0.25  10.000     -11.806°
  0.26  10.000     -12.822°
  0.27  10.000     -13.886°
  0.28  10.000     -15.000°
  0.29  10.000     -16.165°
  0.30  10.000     -17.383°
  0.31  10.000     -18.654°
  0.32  10.000     -19.980°
  0.33  10.000     -21.364°
  0.34  10.000     -22.805°
  0.35  10.000     -24.308°
  0.36  10.000     -25.872°
  0.37  10.000     -27.500°
  0.38  10.000     -29.195°
  0.39  10.000     -30.958°
  0.40  10.000     -32.792°
  0.41  10.000     -34.700°
  0.42  10.000     -36.684°
  0.43  10.000     -38.747°
  0.44  10.000     -40.892°
  0.45  10.000     -43.123°
  0.46  10.000     -45.442°
  0.47  10.000     -47.855°
  0.48  10.000     -50.365°
  0.49  10.000     -52.975°
  0.50  10.000     -55.692°
  0.51  10.000     -58.520°
  0.52  10.000     -61.464°
  0.53  10.000     -64.529°
  0.54  10.000     -67.724°
  0.55  10.000     -71.053°
  0.56  10.000     -74.524°
  0.57  10.000     -78.146°
  0.58  10.000     -81.926°
  0.59  10.000     -85.874°
  0.60  10.000     -90.000°
  0.61  10.000     -94.315°
  0.62  10.000     -98.831°
  0.63  10.000    -103.562°
  0.64  10.000    -108.521°
  0.65  10.000    -113.725°
  0.66  10.000    -119.191°
  0.67  10.000    -124.939°
  0.68  10.000    -130.990°
  0.69  10.000    -137.369°
  0.70  10.000    -144.101°
  0.71  10.000    -151.217°
  0.72  10.000    -158.751°
  0.73  10.000    -166.742°
  0.74  10.000    -175.231°
  0.75  10.000    -184.269°
  0.76  10.000    -193.912°
  0.77  10.000    -204.225°
  0.78  10.000    -215.282°
  0.79  10.000    -227.173°
  0.80  10.000    -240.000°
  0.81  10.000    -253.884°
  0.82  10.000    -268.971°
  0.83  10.000    -285.435°
  0.84  10.000    -303.489°
  0.85  10.000    -323.394°
  0.86  10.000    -345.476°
  0.87  10.000    -370.147°
  0.88  10.000    -397.937°
  0.89  10.000    -429.542°
  0.90  10.000    -465.897°
  0.91  10.000    -508.290°
  0.92  10.000    -558.559°
  0.93  10.000    -619.433°
  0.94  10.000    -695.179°
  0.95  10.000    -792.923°
  0.96  10.000    -925.714°
  0.97  10.000   -1120.842°
  0.98  10.000   -1449.068°
  0.99  10.000   -2191.972°
