# Wave-vectors in Kp.
[0.96825, 0.7746, -0.58095, 0.0]
[0.84291, 0.75891, -0.36683, 0.0]
[0.73119, 0.71231, -0.1651, 0.0]
[0.63649, 0.63623, 0.01811, 0.0]
[0.56166, 0.53297, 0.17723, 0.0]
[0.509, 0.40567, 0.30743, 0.0]
[0.4801, 0.2582, 0.40476, 0.0]
[0.47584, 0.09504, 0.46625, 0.0]
[0.49634, -0.07886, 0.49004, 0.0]
[0.54099, -0.2582, 0.4754, 0.0]
[0.60843, -0.43754, 0.42279, 0.0]
[0.69661, -0.61144, 0.33379, 0.0]
[0.80285, -0.7746, 0.21111, 0.0]
[0.92392, -0.92207, 0.05848, 0.0]
[1.05614, -1.04937, -0.11946, 0.0]
[1.1955, -1.15263, -0.3173, 0.0]
[1.33776, -1.22871, -0.52904, 0.0]
[1.4786, -1.2753, -0.74824, 0.0]
[1.61374, -1.29099, -0.96825, 0.0]
[1.73908, -1.2753, -1.18236, 0.0]
[1.85079, -1.22871, -1.38409, 0.0]
[1.9455, -1.15263, -1.5673, 0.0]
[2.02032, -1.04937, -1.72643, 0.0]
[2.07299, -0.92207, -1.85663, 0.0]
[2.10189, -0.7746, -1.95395, 0.0]
[2.10615, -0.61144, -2.01544, 0.0]
[2.08564, -0.43754, -2.03923, 0.0]
[2.04099, -0.2582, -2.0246, 0.0]
[1.97356, -0.07886, -1.97198, 0.0]
[1.88538, 0.09504, -1.88298, 0.0]
[1.77914, 0.2582, -1.7603, 0.0]
[1.65807, 0.40567, -1.60768, 0.0]
[1.52585, 0.53297, -1.42974, 0.0]
[1.38649, 0.63623, -1.23189, 0.0]
[1.24423, 0.71231, -1.02015, 0.0]
[1.10339, 0.75891, -0.80095, 0.0]
[0.96825, 0.7746, -0.58095, 0.0]
