# Wave-vectors in Kp.
[0.57735, 0.57735, 0.0, 0.0]
[0.58612, 0.55981, 0.17365, 0.0]
[0.61217, 0.50771, 0.34202, 0.0]
[0.6547, 0.42265, 0.5, 0.0]
[0.71242, 0.3072, 0.64279, 0.0]
[0.78359, 0.16488, 0.76604, 0.0]
[0.86603, 0.0, 0.86603, 0.0]
[0.95724, -0.18242, 0.93969, 0.0]
[1.05444, -0.37684, 0.98481, 0.0]
[1.1547, -0.57735, 1.0, 0.0]
[1.25496, -0.77786, 0.98481, 0.0]
[1.35217, -0.97228, 0.93969, 0.0]
[1.44338, -1.1547, 0.86603, 0.0]
[1.52581, -1.31958, 0.76604, 0.0]
[1.59698, -1.4619, 0.64279, 0.0]
[1.6547, -1.57735, 0.5, 0.0]
[1.69723, -1.66241, 0.34202, 0.0]
[1.72328, -1.71451, 0.17365, 0.0]
[1.73205, -1.73205, 0.0, 0.0]
[1.72328, -1.71451, -0.17365, 0.0]
[1.69723, -1.66241, -0.34202, 0.0]
[1.6547, -1.57735, -0.5, 0.0]
[1.59698, -1.4619, -0.64279, 0.0]
[1.52581, -1.31958, -0.76604, 0.0]
[1.44338, -1.1547, -0.86603, 0.0]
[1.35217, -0.97228, -0.93969, 0.0]
[1.25496, -0.77786, -0.98481, 0.0]
[1.1547, -0.57735, -1.0, 0.0]
[1.05444, -0.37684, -0.98481, 0.0]
[0.95724, -0.18242, -0.93969, 0.0]
[0.86603, 0.0, -0.86603, 0.0]
[0.78359, 0.16488, -0.76604, 0.0]
[0.71242, 0.3072, -0.64279, 0.0]
[0.6547, 0.42265, -0.5, 0.0]
[0.61217, 0.50771, -0.34202, 0.0]
[0.58612, 0.55981, -0.17365, 0.0]
[0.57735, 0.57735, 0.0, 0.0]
