0.1 0.1 -0.2879197017768158
0.1 0.2 -0.5802542455653706
0.1 0.3 -0.8818893487258453
0.1 0.4 -1.1987934359774617
0.1 0.5 -1.539000647481016
0.1 0.6 -1.9144798435943664
0.1 0.7 -2.345323994105793
0.1 0.8 -2.8713858687771556
0.1 0.9 -3.5990758268516116
0.1 0.95 -4.156511592662818
0.1 0.96 -4.30595266808446
0.1 0.97 -4.479763554873663
0.1 0.98 -4.692210063191459
0.1 0.99 -4.980383674936788
0.1 0.999 -5.488451820963653
0.1 0.9999 -5.65870612737836
0.1 0.9999999895816072 -5.738343474793279
0.2 0.1 -0.5802542455653706
0.2 0.2 -1.1693828056140503
0.2 0.3 -1.7772052607713216
0.2 0.4 -2.4157144607551873
0.2 0.5 -3.1010489477273935
0.2 0.6 -3.857241939554732
0.2 0.7 -4.7246217800003665
0.2 0.8 -5.783134319477596
0.2 0.9 -7.246097667599418
0.2 0.95 -8.36559378862582
0.2 0.96 -8.665517826584578
0.2 0.97 -9.014238585694754
0.2 0.98 -9.440303441448364
0.2 0.99 -10.01792407191957
0.2 0.999 -11.035357399742608
0.2 0.9999 -11.376013243908346
0.2 0.9999999895816072 -11.535305026055157
0.3 0.1 -0.8818893487258453
0.3 0.2 -1.7772052607713216
0.3 0.3 -2.7008012050868686
0.3 0.4 -3.670810667428846
0.3 0.5 -4.711622163758075
0.3 0.6 -5.859530720316269
0.3 0.7 -7.175393752051963
0.3 0.8 -8.779744257605806
0.3 0.9 -10.993826372219617
0.3 0.95 -12.68501138946766
0.3 0.96 -13.137582675498557
0.3 0.97 -13.663493722917844
0.3 0.98 -14.30560524335846
0.3 0.99 -15.175306907084627
0.3 0.999 -16.704780658748977
0.3 0.9999 -17.21614079396235
0.3 0.9999999895816072 -17.455122108952068
0.4 0.1 -1.1987934359774617
0.4 0.2 -2.4157144607551873
0.4 0.3 -3.670810667428846
0.4 0.4 -4.988541975556061
0.4 0.5 -6.401778961795664
0.4 0.6 -7.959392136617601
0.4 0.7 -9.743232519901268
0.4 0.8 -11.915197445846818
0.4 0.9 -14.906047064466858
0.4 0.95 -17.184411334802565
0.4 0.96 -17.793098125849557
0.4 0.97 -18.499847026414848
0.4 0.98 -19.361880412949475
0.4 0.99 -20.52785358642371
0.4 0.999 -22.573603164601195
0.4 0.9999 -23.256144425869927
0.4 0.9999999895816072 -23.57487044957426
0.5 0.1 -1.539000647481016
0.5 0.2 -3.1010489477273935
0.5 0.3 -4.711622163758075
0.5 0.4 -6.401778961795664
0.5 0.5 -8.21321070173819
0.5 0.6 -10.2078187220342
0.5 0.7 -12.489117545250613
0.5 0.8 -15.261480424860121
0.5 0.9 -19.067432588850195
0.5 0.95 -21.955920755352874
0.5 0.96 -22.725830864491336
0.5 0.97 -23.618774935246908
0.5 0.98 -24.706402767330296
0.5 0.99 -26.174753985170238
0.5 0.999 -28.742907986465305
0.5 0.9999 -29.597315188946045
0.5 0.9999999895816072 -29.995864949148707
0.6 0.1 -1.9144798435943664
0.6 0.2 -3.857241939554733
0.6 0.3 -5.859530720316269
0.6 0.4 -7.959392136617601
0.6 0.5 -10.2078187220342
0.6 0.6 -12.68038349181982
0.6 0.7 -15.503198436740783
0.6 0.8 -18.924644416051237
0.6 0.9 -23.602062511405514
0.6 0.95 -27.133994269052902
0.6 0.96 -28.072486935852954
0.6 0.97 -29.159316346744603
0.6 0.98 -30.480644202824852
0.6 0.99 -32.26004596656305
0.6 0.999 -35.35922562463022
0.6 0.9999 -36.38645241247319
0.6 0.9999999895816072 -36.864935561178726
0.7 0.1 -2.345323994105793
0.7 0.2 -4.7246217800003665
0.7 0.3 -7.175393752051963
0.7 0.4 -9.74323251990127
0.7 0.5 -12.489117545250613
0.7 0.6 -15.503198436740783
0.7 0.7 -18.935485974891016
0.7 0.8 -23.08046768815758
0.7 0.9 -28.714390272349803
0.7 0.95 -32.93920767658776
0.7 0.96 -34.05708884883408
0.7 0.97 -35.34904013765894
0.7 0.98 -36.91584021243135
0.7 0.99 -39.018787221130715
0.7 0.999 -42.661259539834305
0.7 0.9999 -43.86264507123398
0.7 0.9999999895816072 -44.42121486615926
0.8 0.1 -2.8713858687771556
0.8 0.2 -5.783134319477596
0.8 0.3 -8.779744257605806
0.8 0.4 -11.915197445846818
0.8 0.5 -15.261480424860121
0.8 0.6 -18.924644416051237
0.8 0.7 -23.08046768815758
0.8 0.8 -28.072486935852965
0.8 0.9 -34.801408545405614
0.8 0.95 -39.79785113132673
0.8 0.96 -41.112090439166934
0.8 0.97 -42.62669534221567
0.8 0.98 -44.45718990011791
0.8 0.99 -46.90282074249026
0.8 0.999 -51.10707513499113
0.8 0.9999 -52.48460394302407
0.8 0.9999999895816072 -53.12348614577299
0.9 0.1 -3.5990758268516116
0.9 0.2 -7.246097667599418
0.9 0.3 -10.993826372219617
0.9 0.4 -14.90604706446686
0.9 0.5 -19.067432588850195
0.9 0.6 -23.602062511405514
0.9 0.7 -28.71439027234981
0.9 0.8 -34.801408545405614
0.9 0.9 -42.89619886834918
0.9 0.95 -48.81351333659045
0.9 0.96 -50.35566068252212
0.9 0.97 -52.125228585655734
0.9 0.98 -54.252642695974544
0.9 0.99 -57.07536842566804
0.9 0.999 -61.873953703385624
0.9 0.9999 -63.431043467477835
0.9 0.9999999895816072 -64.1506239142448
0.95 0.1 -4.156511592662818
0.95 0.2 -8.365593788625818
0.95 0.3 -12.68501138946766
0.95 0.4 -17.184411334802565
0.95 0.5 -21.955920755352874
0.95 0.6 -27.133994269052906
0.95 0.7 -32.93920767658776
0.95 0.8 -39.79785113132673
0.95 0.9 -48.81351333659045
0.95 0.95 -55.31806217937018
0.95 0.96 -57.00043415885526
0.95 0.97 -58.92414579855447
0.95 0.98 -61.22714293408712
0.95 0.99 -64.26611818815354
0.95 0.999 -69.38753637331146
0.95 0.9999 -71.03704541623515
0.95 0.9999999895816072 -71.79727075061444
0.96 0.1 -4.30595266808446
0.96 0.2 -8.665517826584576
0.96 0.3 -13.137582675498557
0.96 0.4 -17.793098125849557
0.96 0.5 -22.725830864491336
0.96 0.6 -28.072486935852954
0.96 0.7 -34.05708884883408
0.96 0.8 -41.112090439166934
0.96 0.9 -50.35566068252212
0.96 0.95 -57.00043415885526
0.96 0.96 -58.71550708558254
0.96 0.97 -60.67474513948957
0.96 0.98 -63.017604456273624
0.96 0.99 -66.10463354764727
0.96 0.999 -71.2950126595591
0.96 0.9999 -72.96345156907093
0.96 0.9999999895816072 -73.73185565826711
0.97 0.1 -4.479763554873663
0.97 0.2 -9.014238585694754
0.97 0.3 -13.663493722917842
0.97 0.4 -18.499847026414848
0.97 0.5 -23.618774935246908
0.97 0.6 -29.159316346744596
0.97 0.7 -35.34904013765894
0.97 0.8 -42.62669534221567
0.97 0.9 -52.125228585655734
0.97 0.95 -58.92414579855447
0.97 0.96 -60.67474513948957
0.97 0.97 -62.67235190905855
0.97 0.98 -65.05793476795729
0.97 0.99 -68.1959017842937
0.97 0.999 -73.45786417871251
0.97 0.9999 -75.14549757164505
0.97 0.9999999895816072 -75.92210989313017
0.98 0.1 -4.692210063191459
0.98 0.2 -9.440303441448364
0.98 0.3 -14.30560524335846
0.98 0.4 -19.361880412949475
0.98 0.5 -24.706402767330296
0.98 0.6 -30.480644202824852
0.98 0.7 -36.91584021243135
0.98 0.8 -44.45718990011791
0.98 0.9 -54.252642695974544
0.98 0.95 -61.227142934087105
0.98 0.96 -63.017604456273624
0.98 0.97 -65.05793476795729
0.98 0.98 -67.49061735553418
0.98 0.99 -70.68392360788704
0.98 0.999 -76.02145932500133
0.98 0.9999 -77.72868871340374
0.98 0.9999999895816072 -78.51355395563232
0.99 0.1 -4.980383674936788
0.99 0.2 -10.01792407191957
0.99 0.3 -15.175306907084627
0.99 0.4 -20.52785358642371
0.99 0.5 -26.174753985170238
0.99 0.6 -32.26004596656304
0.99 0.7 -39.018787221130715
0.99 0.8 -46.90282074249026
0.99 0.9 -57.07536842566804
0.99 0.95 -64.26611818815356
0.99 0.96 -66.10463354764727
0.99 0.97 -68.1959017842937
0.99 0.98 -70.68392360788704
0.99 0.99 -73.94083761116391
0.99 0.999 -79.36142064650363
0.99 0.9999 -81.08899613255873
0.99 0.9999999895816072 -81.8821977149401
0.999 0.1 -5.488451820963653
0.999 0.2 -11.035357399742608
0.999 0.3 -16.704780658748977
0.999 0.4 -22.573603164601195
0.999 0.5 -28.742907986465305
0.999 0.6 -35.35922562463023
0.999 0.7 -42.66125953983431
0.999 0.8 -51.10707513499113
0.999 0.9 -61.873953703385624
0.999 0.95 -69.38753637331146
0.999 0.96 -71.29501265955912
0.999 0.97 -73.45786417871251
0.999 0.98 -76.02145932500133
0.999 0.99 -79.36142064650363
0.999 0.999 -84.88000082955269
0.999 0.9999 -86.62821592770372
0.999 0.9999999895816072 -87.42917894554152
0.9999 0.1 -5.65870612737836
0.9999 0.2 -11.376013243908346
0.9999 0.3 -17.21614079396235
0.9999 0.4 -23.256144425869927
0.9999 0.5 -29.597315188946045
0.9999 0.6 -36.38645241247319
0.9999 0.7 -43.86264507123398
0.9999 0.8 -52.48460394302407
0.9999 0.9 -63.431043467477835
0.9999 0.95 -71.03704541623515
0.9999 0.96 -72.96345156907093
0.9999 0.97 -75.14549757164505
0.9999 0.98 -77.72868871340374
0.9999 0.99 -81.08899613255873
0.9999 0.999 -86.62821592770372
0.9999 0.9999 -88.37957916255229
0.9999 0.9999999895816072 -89.18143877982111
0.9999999895816072 0.1 -5.738343474793279
0.9999999895816072 0.2 -11.535305026055157
0.9999999895816072 0.3 -17.455122108952068
0.9999999895816072 0.4 -23.57487044957426
0.9999999895816072 0.5 -29.995864949148707
0.9999999895816072 0.6 -36.864935561178726
0.9999999895816072 0.7 -44.42121486615927
0.9999999895816072 0.8 -53.12348614577299
0.9999999895816072 0.9 -64.1506239142448
0.9999999895816072 0.95 -71.79727075061444
0.9999999895816072 0.96 -73.73185565826711
0.9999999895816072 0.97 -75.92210989313017
0.9999999895816072 0.98 -78.51355395563232
0.9999999895816072 0.99 -81.8821977149401
0.9999999895816072 0.999 -87.42917894554152
0.9999999895816072 0.9999 -89.18143877982111
0.9999999895816072 0.9999999895816072 -89.98345876294032
